{"num_vertices": 80, "poses": [[0.373772257952001, 0.5292088138792466], [0.5906038159938036, 0.485062807459705], [0.18490731308314978, 0.27642657254566505], [0.9859373723551195, 0.7938612362386881], [0.45603380929113724, 0.989341879290524], [0.30379359153790475, 0.6271423457197046], [0.15143010304818982, 0.8934007652652545], [0.8950333236034024, 0.49381079723293975], [0.6917598778291463, 0.7725927138198205], [0.14251169998430846, 0.9767746244889035], [0.5462303355600945, 0.8779216521716899], [0.6484529392693466, 0.29677388657527004], [0.48316565844016535, 0.23493248009318868], [0.4549763322289957, 0.4491943706262661], [0.5401644481095487, 0.10278401112636182], [0.5142395750448652, 0.2908325466520987], [0.6900952359482565, 0.023854688114705924], [0.5023738402326912, 0.299901217745969], [0.010283240358771595, 0.7747122536955146], [0.7125831966365641, 0.802319485243663], [0.8753664046189986, 0.03268954557679293], [0.41305262282076505, 0.6062426464125419], [0.7844682567447561, 0.3796850245936829], [0.9524282096462883, 0.888868267119999], [0.05338122913283172, 0.7369597348696448], [0.18060768063716437, 0.8297647856805238], [0.9424746845893979, 0.30276021058018254], [0.5385778924088427, 0.7121194686811472], [0.12500885350804514, 0.10970301003740379], [0.4422906432229079, 0.6343619548989378], [0.036298062665558684, 0.4156110877486918], [0.1256725284657284, 0.8447818829388283], [0.5406899371333584, 0.08504650779022971], [0.28626388994302054, 0.9564925100510159], [0.8380404062943217, 0.5552157040061055], [0.8997961903312215, 0.6396222664068797], [0.6268624785544238, 0.6226286968890282], [0.25440045736972816, 0.4073946231968806], [0.929178437298875, 0.5653401504701863], [0.33739612514560413, 0.6298150319429519], [0.05755488592850366, 0.8056771183607704], [0.5784049559830471, 0.11598344628510715], [0.7439824318452634, 0.8188980060615645], [0.38807593408066365, 0.35067082193965515], [0.19906475744075158, 0.5398946295772572], [0.6134833995680076, 0.37691205771845815], [0.15114419475987673, 0.5288035348302557], [0.22337467267353128, 0.933735951648035], [0.1509617439518166, 0.689913221622112], [0.5200430909850947, 0.20764923488534293], [0.2712919199256081, 0.3248368627863485], [0.18967881234906148, 0.1904864859603489], [0.18422651599362316, 0.22378110325399858], [0.29493648011361784, 0.4623321247811447], [0.705174895914049, 0.40040986511978116], [0.46520036492208505, 0.07318849207672473], [0.3014432598696458, 0.814511719917418], [0.9915743163228445, 0.45152805884348546], [0.8463170214981951, 0.09992483927116003], [0.011977783411318499, 0.6834068137594248], [0.5938752850797995, 0.06586432226252792], [0.2104899463776203, 0.7414022614218722], [0.3903316646373127, 0.8912623481692091], [0.05106702339991431, 0.7035397845205007], [0.4619234338870657, 0.8007559904637733], [0.051746765988106125, 0.18601283091121457], [0.037787536052187765, 0.021234747857245773], [0.45349261611383496, 0.12487836348275183], [0.3468659225210362, 0.5092697796350959], [0.27128617651789666, 0.4226256678563465], [0.49399552369297595, 0.6467174288199053], [0.4217657626683976, 0.6137494622695353], [0.8325694625158141, 0.20186551854017165], [0.7731622372647843, 0.5235893362847218], [0.4490612473388822, 0.9413535139063713], [0.48304347390527524, 0.9269915123358641], [0.9534265225660642, 0.8533686164569159], [0.6267236191895386, 0.2222750499031113], [0.9591913590250948, 0.4790133835271627], [0.10947514840850836, 0.7101314839516799]], "dists": [[0.0, 0.26097756446134424, 0.4416471862024327, 0.87681753676256, 0.5423946167504137, 0.16791219825455428, 0.5865341062898191, 0.5566590822977082, 0.5613715198177193, 0.6788263685773495, 0.5211709159005369, 0.5071156086213221, 0.40366973427422226, 0.16121851752997518, 0.5928169929104324, 0.3788435843200121, 0.8216771037607962, 0.35790917841396774, 0.6089924574094974, 0.6119216100489796, 0.9981134149694513, 0.1163141974020594, 0.5602197880783187, 0.9383154049350397, 0.5281419498095675, 0.49372054911611385, 0.7951510299364609, 0.3477162892587423, 0.6682692082857986, 0.17367152629059812, 0.45107192141699703, 0.5636727985458543, 0.6110799852703743, 0.5147920641807497, 0.49027503846917975, 0.6364373849068536, 0.34651010361220447, 0.2411859912646388, 0.5915375159378137, 0.13698235087010213, 0.5926856765050211, 0.6178580656251855, 0.6598993660755803, 0.1928416680682541, 0.18539331620926003, 0.392007897776795, 0.22303334224111515, 0.5549247230472582, 0.3835149217430498, 0.4678304120269974, 0.30685228911929097, 0.5228157735218372, 0.4949734525836258, 0.14571246693648499, 0.46020158672151346, 0.5474484287726059, 0.3576319041205266, 0.6954828134066047, 0.9018287381542807, 0.5159924744208607, 0.6834475187445171, 0.37547575911700626, 0.3786129409752743, 0.4970362051933408, 0.3596983525195915, 0.6652214749319268, 0.843958787921814, 0.4840508085583287, 0.046845369675115434, 0.2090692274570044, 0.23773188068163376, 0.13253415310668537, 0.786140499902888, 0.40500945690730805, 0.487433689414006, 0.5070539144098918, 0.9038140671917325, 0.5598851252136728, 0.6356145314251777, 0.44521977961592596], [0.26097756446134424, 0.0, 0.6143327378246938, 0.704131985140299, 0.6388490785334854, 0.4288897627158985, 0.8475116707511633, 0.3131774973828335, 0.3886859681954582, 0.9398039330386937, 0.4372323251456941, 0.24613804415997786, 0.3575684849201546, 0.1714959205982468, 0.4327181642175981, 0.27059450175654476, 0.5606995392994519, 0.27339156547484844, 0.8699700218708416, 0.43923605842671853, 0.737135850508107, 0.2987310321258755, 0.2992422236169745, 0.7656298533127787, 0.7891195142709118, 0.7546981135774581, 0.5341734654751167, 0.27908258480640313, 0.8409547599080597, 0.2976123202101285, 0.6237574730392581, 0.8246503630071985, 0.44993017852992045, 0.775769628642094, 0.3175894868469187, 0.4637518332845926, 0.1738245519899434, 0.41387154288689987, 0.4188519643155526, 0.39795991533144637, 0.8536632409663654, 0.38127822118535437, 0.48721381445331924, 0.3369198674331898, 0.44637088067060426, 0.13103033331545078, 0.4832003486044776, 0.8159022875086024, 0.644492486204394, 0.34797429758307097, 0.47953784074155203, 0.6955013251440982, 0.6676590042058869, 0.31839801855874605, 0.19922402226016922, 0.5372777664546988, 0.6186094685818708, 0.43450524894526044, 0.6408511736929364, 0.776970038882205, 0.4224699542831729, 0.6364533235783505, 0.606471692065995, 0.758013769654685, 0.4443735651108063, 0.8379070265541879, 1.016644339544075, 0.4972956438569218, 0.26794486564815834, 0.38175477907926547, 0.25826291366102805, 0.29752470813523635, 0.5251629354415438, 0.2210849500959975, 0.5978332751015878, 0.5494890469646875, 0.7311285155694714, 0.2989075607523286, 0.3746369669638334, 0.7061973440772702], [0.4416471862024327, 0.6143327378246938, 0.0, 1.3184647229649928, 0.9840418029528464, 0.46960205162879454, 0.6504514027545494, 0.9275102352075273, 1.003018706020152, 0.7427436650420798, 0.9628181021029696, 0.48389294021580176, 0.33975243780949194, 0.44283681722644697, 0.5288996964457021, 0.343738236068149, 0.7577598072960658, 0.34094117234984533, 0.6729097538742277, 1.0535687962514122, 0.934196118504721, 0.5579613836044921, 0.7028193957096242, 1.3799625911374724, 0.5920592462742978, 0.5576378455808442, 0.7839010095407656, 0.789363475461175, 0.2266220220833659, 0.6153187124930308, 0.28779376562061787, 0.6275900950105846, 0.547162688805644, 0.7814225143652216, 0.9319222246716125, 1.0780845711092863, 0.7881572898146372, 0.2004611949377939, 1.0331847021402463, 0.5058772714597412, 0.6566029729697515, 0.5539407691604552, 1.101546552278013, 0.277412870391504, 0.27762550138919395, 0.5290615716576509, 0.28614008060786367, 0.6957767386927515, 0.4474322182077801, 0.40391311556226706, 0.13479489708314174, 0.09071158585122785, 0.05332626638119309, 0.2959347192659477, 0.6442508754050154, 0.4835311323078756, 0.654621094158249, 0.9817684895375152, 0.8379114416895503, 0.579909770885591, 0.6195302222797868, 0.49055832217067763, 0.820260127177707, 0.5609535016580711, 0.8013455387220242, 0.22357428872949414, 0.4023116017193813, 0.4201335120935984, 0.3948018165273173, 0.2325779587454283, 0.6793790668840665, 0.5741813393091181, 0.7222232034381577, 0.8354176879206913, 0.9290808756164387, 0.9487011006123245, 1.3454612533941652, 0.4959678287489425, 0.9768708569234427, 0.5091370760806563], [0.87681753676256, 0.704131985140299, 1.3184647229649928, 0.0, 0.7253842061158181, 0.8488626713361982, 0.934046798333496, 0.39095448775746544, 0.31544601694484076, 1.0263390606210265, 0.5237674527280268, 0.834571782749191, 1.0617004700604535, 0.8756279057385458, 1.136850149357897, 0.9747264868968437, 1.0658486845308452, 0.9775235506151474, 0.9948031145395214, 0.2818124247235303, 0.871742658398016, 0.7605033393605006, 0.6156453272553686, 0.1285161935901421, 0.989457644591331, 0.8412332411597908, 0.5345637134242271, 0.5291012475038177, 1.5450867450483585, 0.7031460104719619, 1.327889458179557, 0.9111854905895312, 1.1540621636702193, 0.8623047562244267, 0.3865424982933803, 0.24038015185570638, 0.5303074331503556, 1.1180035280271987, 0.28528002082474635, 0.8125874515052516, 0.9401983685486981, 1.0854102063256534, 0.2669917103327325, 1.0410518525734886, 1.0408392215757987, 0.7894031513073418, 1.0998508790036752, 0.9024374150909351, 0.938923643019879, 1.0521062827233698, 1.183669825881851, 1.3996333102843972, 1.3717909893461857, 1.022530003699045, 0.6742138475599774, 1.2414097515949978, 0.7051445961642036, 0.3479701213629277, 0.8335567478244524, 1.0844140114230643, 1.1200590012514802, 0.8279064007943151, 0.6930068196483278, 1.0251918006733924, 0.530908692693139, 1.5420390116944869, 1.720776324684374, 1.2014276289972208, 0.9236629064376755, 1.0858867642195644, 0.6390856560809263, 0.7442833836558747, 0.7453636275378218, 0.48304703504430146, 0.6843684026839205, 0.6360241745470202, 0.09201823000728304, 0.9307999395011577, 0.34159386604155006, 0.9601919762336193], [0.5423946167504137, 0.6388490785334854, 0.9840418029528464, 0.7253842061158181, 0.0, 0.5144397513240518, 0.4005448202682169, 0.9345305963698494, 0.4524752340087125, 0.32608936410844924, 0.20161675338779128, 0.8849871226934632, 0.7815412483463634, 0.5412049857263994, 0.9706885069825736, 0.7567150983921532, 1.1995486178329373, 0.7357806924861089, 0.6603801945273751, 0.4435717813922878, 1.3759849290415924, 0.4260804193483543, 0.9380913021504599, 0.596868012525676, 0.6550347245791847, 0.43500322226397303, 1.1730225440086022, 0.35976649372708225, 1.2106638250362123, 0.36872309045981555, 0.9934665381674107, 0.47492127717710453, 0.9889514993425155, 0.2026192885876248, 0.816132772287603, 0.7934819939237285, 0.5375418516647823, 0.7835806080150525, 0.8971463568280754, 0.4781645314931052, 0.5821436842923872, 0.9957295796973267, 0.4583924957830856, 0.7066289325613424, 0.7064163015636524, 0.7698794118489362, 0.7654279589915288, 0.2882650642600949, 0.6045007230077326, 0.8457019260991385, 0.8492469058697046, 1.065210390272251, 1.0373680693340395, 0.6881070836868987, 0.8380731007936546, 0.9253199428447471, 0.3294207087945974, 1.0733543274787458, 1.2797002522264218, 0.7499910914109179, 1.0613190328166584, 0.49348348078216875, 0.16378167577513936, 0.6907688806612462, 0.1944755134226791, 1.2076160916823406, 1.3863534046722277, 0.8670047089850744, 0.5892399864255291, 0.7514638442074181, 0.38058616487245733, 0.4098604636437283, 1.1640120139750292, 0.7828809709794492, 0.05496092733640767, 0.0893600315687979, 0.6333659761085351, 0.937756639285814, 1.0134860454973187, 0.6257690562214729], [0.16791219825455428, 0.4288897627158985, 0.46960205162879454, 0.8488626713361982, 0.5144397513240518, 0.0, 0.4186219080352648, 0.7245712805522625, 0.5334166543913574, 0.5109141703227952, 0.49321605047417505, 0.6750278068758764, 0.5715819325287765, 0.32913071578452946, 0.7607291911649867, 0.5467557825745664, 0.9895893020153504, 0.525821376668522, 0.4410802591549431, 0.5839667446226178, 1.1660256132240057, 0.13015873059002303, 0.728131986332873, 0.9103605395086779, 0.36022975155501324, 0.32580835086155957, 0.9630632281910152, 0.3197614238323805, 0.6962240737121604, 0.1457166608642363, 0.47902678684335886, 0.3957606002913, 0.7789921835249286, 0.34687986592619546, 0.6061734564700161, 0.6084825194804918, 0.32758253584719543, 0.26914085669100063, 0.6871870410104886, 0.036275219830946615, 0.42477347825046685, 0.7857702638797398, 0.6319445006492185, 0.36075386632280837, 0.19197655023960059, 0.5599200960313493, 0.250988207667477, 0.38701252479270387, 0.21560272348849552, 0.6357426102815517, 0.3348071545456528, 0.550770638948199, 0.5229283180099876, 0.17366733236284682, 0.6281137849760677, 0.7153606270271602, 0.1897197058659723, 0.863395011661159, 1.0697409364088348, 0.34808027616630643, 0.8513597169990714, 0.20756356086245198, 0.3506580755489125, 0.3291240069387865, 0.33174348709322965, 0.6931763403582887, 0.8719136533481758, 0.651963006812883, 0.16094489706774018, 0.23702409288336623, 0.20977701525527193, 0.13136505458066217, 0.9540526981574423, 0.5729216551618623, 0.45947882398764417, 0.47909904898352995, 0.8758592017653707, 0.7277973234682271, 0.8035267296797319, 0.2773075813613717], [0.5865341062898191, 0.8475116707511633, 0.6504514027545494, 0.934046798333496, 0.4005448202682169, 0.4186219080352648, 0.0, 1.1431931885875273, 0.6611378262263904, 0.0922922622875304, 0.4102793456054692, 1.093649714911141, 0.9902038405640413, 0.7477526238197942, 1.1793510992002516, 0.9653776906098311, 1.4082112100506152, 0.9444432847037868, 0.25983537425915815, 0.6522343736099657, 1.5846475212592703, 0.5487806386252878, 1.1467538943681377, 0.8055306047433539, 0.25448990431096774, 0.09281355717370521, 1.38168513622628, 0.5684290859447602, 0.8101190047679954, 0.5498993505410348, 0.5929217178991938, 0.07437645690888761, 1.1976140915601934, 0.19792553168059213, 1.0247953645052807, 1.0021445861414064, 0.7462044438824602, 0.5889764963899122, 1.1058089490457532, 0.4495517554197169, 0.18159886402417025, 1.2043921719150046, 0.6670550880007635, 0.7793757743580731, 0.40114079008055903, 0.9785420040666141, 0.3648831387233119, 0.11227975600812201, 0.2039559027395157, 1.0543645183168164, 0.6884257193563242, 0.7411629886057772, 0.7024160749566892, 0.5745750175495378, 1.0467356930113325, 1.133982535062425, 0.22890220216929247, 1.2820169196964237, 1.4883628444440997, 0.349446271142701, 1.2699816250343363, 0.2110583471728128, 0.24103997868516824, 0.2902240603930293, 0.403138105640357, 0.8070712714141236, 0.9858085844040108, 1.0705849148481477, 0.579566805103005, 0.5906311708786148, 0.5892487570901352, 0.5499869626159269, 1.372674606192707, 0.9915435631971271, 0.34558389293180924, 0.365204117927695, 0.842028568326213, 1.1464192315034918, 1.2221486377149966, 0.22522423595325602], [0.5566590822977082, 0.3131774973828335, 0.9275102352075273, 0.39095448775746544, 0.9345305963698494, 0.7245712805522625, 1.1431931885875273, 0.0, 0.4820553623611369, 1.2354854508750577, 0.7329138429820581, 0.44361729499172553, 0.6707459823029881, 0.4846734179810803, 0.7458956616004316, 0.5837719991393783, 0.6748941967733797, 0.586569062857682, 1.1656515397072056, 0.49095881497756155, 0.48078817064055057, 0.5944125499622395, 0.22469083949790314, 0.45245235592994515, 1.0848010321072756, 1.050379631413822, 0.2384919476387527, 0.5747641026427671, 1.1541322572908932, 0.5932938380464925, 0.9369349704220916, 1.1203318808435625, 0.763107675912754, 1.071451146478458, 0.11839782408224642, 0.15057433590175906, 0.39698874470506706, 0.7270490402697334, 0.10567446693271909, 0.6936414331678104, 1.1493447588027292, 0.6944557185681879, 0.47613810058676376, 0.6500973648160233, 0.7420523985069682, 0.3984486635498764, 0.7788818664408416, 1.1115838053449663, 0.940174004040758, 0.6611517949659045, 0.7927153381243855, 1.0086788225269316, 0.9808365015887204, 0.6315755159415796, 0.28325935980251193, 0.8504552638375323, 0.9142909864182348, 0.13882373110889645, 0.442602260066987, 1.072651556718569, 0.7291045134940147, 0.9321348414147145, 0.902153209902359, 1.053695287491049, 0.7400550829471703, 1.1510845239370213, 1.3298218369269086, 0.8104731412397553, 0.5636263834845223, 0.694932276462099, 0.553944431497392, 0.5932062259716003, 0.3544091397803564, 0.15164962539040017, 0.8935147929379518, 0.8451705648010515, 0.41795101818663793, 0.5398454517436923, 0.07895544912746943, 1.0018788619136343], [0.5613715198177193, 0.3886859681954582, 1.003018706020152, 0.31544601694484076, 0.4524752340087125, 0.5334166543913574, 0.6611378262263904, 0.4820553623611369, 0.0, 0.7534300885139208, 0.2508584806209212, 0.5191257658043502, 0.7462544531156128, 0.560181888793705, 0.8214041324130563, 0.659280469952003, 0.7504026675860044, 0.6620775336703066, 0.6835961773460687, 0.050550090231260336, 0.9235096950328799, 0.4450573224156599, 0.4856160681417474, 0.37694388511732047, 0.6740116276464903, 0.5683242690526852, 0.7205473099998896, 0.21365523055897695, 1.2296407281035178, 0.38769999352712115, 1.0124434412347163, 0.6382765184824256, 0.8386161467253787, 0.5893957841173211, 0.36365753827889047, 0.34100675991501606, 0.2148614162055148, 0.8025575110823581, 0.44467112281936294, 0.4971414345604108, 0.6672893964415925, 0.7699641893808126, 0.09852784625786104, 0.725605835628648, 0.725393204630958, 0.4739571343625011, 0.7844048620588344, 0.6295284429838295, 0.6234776260750382, 0.7366602657785292, 0.8682238089370102, 1.0841872933395564, 1.056344972401345, 0.7070839867542043, 0.3855978667849421, 0.925963734650157, 0.4322356240570979, 0.6208790934700333, 0.8272250182177093, 0.7689679944782235, 0.8046129843066394, 0.5124603838494743, 0.42009784754122215, 0.7097457837285518, 0.2579997205860334, 1.2265929947496461, 1.4053303077395332, 0.88598161205238, 0.6082168894928347, 0.7704407472747237, 0.3236396391360855, 0.4288373667110339, 0.7115367799663167, 0.3304057369707367, 0.4114594305768149, 0.3631152024399146, 0.34244254737401325, 0.6153539225563169, 0.5610108114886063, 0.6447459592887785], [0.6788263685773495, 0.9398039330386937, 0.7427436650420798, 1.0263390606210265, 0.32608936410844924, 0.5109141703227952, 0.0922922622875304, 1.2354854508750577, 0.7534300885139208, 0.0, 0.5025716078929996, 1.1859419771986714, 1.0824961028515716, 0.8400448861073246, 1.271643361487782, 1.0576699528973617, 1.5005034723381456, 1.0367355469913173, 0.3342908304189258, 0.7445266358974961, 1.6769397835468007, 0.6410729009128182, 1.239046156655668, 0.8978228670308843, 0.3289453604707354, 0.1851058194612356, 1.4739773985138105, 0.6607213482322906, 0.884574460927763, 0.6421916128285652, 0.6673771740589615, 0.14883191306865529, 1.2899063538477238, 0.16403430439659972, 1.1170876267928112, 1.0944368484289368, 0.8384967061699906, 0.6812687586774426, 1.1981012113332836, 0.5418440177072473, 0.2560543201839379, 1.296684434202535, 0.7593473502882939, 0.8716680366456036, 0.49343305236808943, 1.0708342663541446, 0.4566035844342161, 0.12390164553009131, 0.29531144683429966, 1.1466567806043468, 0.7807179816438546, 0.8334552508933076, 0.7947083372442196, 0.6668672798370682, 1.139027955298863, 1.2262747973499555, 0.32119446445682287, 1.3743091819839541, 1.5806551067316301, 0.42390172730246867, 1.3622738873218667, 0.3033506094603432, 0.33333224097269865, 0.36467951655279696, 0.4954303679278874, 0.8815267275738913, 1.0602640405637784, 1.162877177135678, 0.6718590673905354, 0.6829234331661452, 0.6815410193776656, 0.6422792249034573, 1.4649668684802375, 1.0838358254846576, 0.3419706579371059, 0.3903148860740062, 0.9343208306137434, 1.2387114937910222, 1.314440900002527, 0.2996796921130237], [0.5211709159005369, 0.4372323251456941, 0.9628181021029696, 0.5237674527280268, 0.20161675338779128, 0.49321605047417505, 0.4102793456054692, 0.7329138429820581, 0.2508584806209212, 0.5025716078929996, 0.0, 0.683370369305672, 0.7060538491984304, 0.5199812848765226, 0.7812035284958739, 0.6190798660348206, 0.997931864445146, 0.6218769297531243, 0.6391564936774983, 0.24195502800449653, 1.1743681756538011, 0.4048567184984775, 0.7364745487626686, 0.41714448903450285, 0.6338110237293079, 0.41377952141409624, 0.9714057906208108, 0.17345462664179456, 1.1894401241863355, 0.34749938960993876, 0.9722428373175339, 0.45369757632722774, 0.7984155428081963, 0.3385373034963999, 0.6145160188998117, 0.5918652405359373, 0.335925098276991, 0.7623569071651757, 0.6955296034402841, 0.45694083064322844, 0.5609199834425104, 0.7941128263095354, 0.2567757423952943, 0.6854052317114656, 0.6851926007137756, 0.5682626584611449, 0.744204258141652, 0.3786699623629083, 0.5832770221578558, 0.6964596618613468, 0.8280232050198278, 1.0439866894223742, 1.0161443684841627, 0.6668833828370219, 0.6364563474058633, 0.8857631307329746, 0.3081970079447206, 0.8717375740909545, 1.0780834988386305, 0.7287673905610411, 0.859702279428867, 0.47225977993229196, 0.16923936692030095, 0.6695451798113694, 0.1614725633809454, 1.1863923908324638, 1.3651297038223509, 0.8457810081351976, 0.5680162855756523, 0.7302401433575413, 0.2834390352189031, 0.3886367627938515, 0.9623952605872379, 0.5812642175916579, 0.1606009499558937, 0.11225672181899338, 0.4317492227207438, 0.7361398858980227, 0.8118692921095275, 0.6045453553715961], [0.5071156086213221, 0.24613804415997786, 0.48389294021580176, 0.834571782749191, 0.8849871226934632, 0.6750278068758764, 1.093649714911141, 0.44361729499172553, 0.5191257658043502, 1.1859419771986714, 0.683370369305672, 0.0, 0.22712868731126257, 0.3458970910913469, 0.3022783666087061, 0.14015470414765274, 0.31456149513947407, 0.14920643020735436, 1.1161080660308196, 0.5696758560356106, 0.4909978063481292, 0.5448690762858533, 0.2189264554938224, 0.8960696509216707, 1.0352575584308896, 1.000836157737436, 0.3000080693249638, 0.525220628966381, 0.7105149622991677, 0.5437503643701064, 0.7309920777772096, 1.0707884071671763, 0.31949038092102844, 1.021907672802072, 0.4480292844558107, 0.5941916308934846, 0.34744527102868095, 0.5046732185212289, 0.5492917619244446, 0.6440979594914242, 1.0998012851263432, 0.25083842357646235, 0.6176536120622113, 0.314273940553068, 0.6925089248305821, 0.11510771084452709, 0.7293383927644554, 1.0620403316685803, 0.8906305303643719, 0.21753449997417895, 0.4052239955548169, 0.5650615275352062, 0.5372192065969948, 0.5190746973616034, 0.1603579351892136, 0.4068379688458068, 0.8647475127418487, 0.4978755493217134, 0.39471312953295856, 1.0231080830421828, 0.2854872185022892, 0.8825913677383284, 0.8526097362259729, 1.004151813814663, 0.6905116092707841, 0.7074672289452959, 0.886204541935183, 0.3668558462480298, 0.5140829098081362, 0.5030185440325263, 0.5044009578210059, 0.5436627522952142, 0.27902489128156593, 0.3515247477048895, 0.8439713192615657, 0.7956270911246653, 0.8615683131783635, 0.09622815675196672, 0.4929779167076409, 0.9523353882372481], [0.40366973427422226, 0.3575684849201546, 0.33975243780949194, 1.0617004700604535, 0.7815412483463634, 0.5715819325287765, 0.9902038405640413, 0.6707459823029881, 0.7462544531156128, 1.0824961028515716, 0.7060538491984304, 0.22712868731126257, 0.0, 0.24245121674424708, 0.18914725863621018, 0.08697398316360982, 0.4180073694865739, 0.08417691944530614, 1.0126621916837197, 0.7968045433468731, 0.594443680695229, 0.4414232019387535, 0.44605514280508496, 1.1231983382329331, 0.9318116840837898, 0.8973902833903361, 0.5271367566362264, 0.5325992225566358, 0.4833862749879051, 0.44030449002300653, 0.6275462034301098, 0.9673425328200765, 0.20741025099615207, 0.918461798454972, 0.6751579717670733, 0.8213203182047472, 0.531393036910098, 0.4012273441741291, 0.7764204492357072, 0.5406520851443244, 0.9963554107792434, 0.21418833135096327, 0.8447822993734738, 0.21082806620596817, 0.5890630504834823, 0.2722973187531117, 0.6258925184173556, 0.9585944573214804, 0.787184656017272, 0.06416067775277512, 0.3017781212077171, 0.33793284022394365, 0.3100905192857323, 0.41562882301450355, 0.38748662250047616, 0.17970928153454424, 0.7613016383947488, 0.725004236632976, 0.4981590038800584, 0.919662208695083, 0.2797777844702949, 0.7791454933912285, 0.7491638618788731, 0.900705939467563, 0.5870657349236843, 0.48033854163403333, 0.6590758546239205, 0.13972715893676724, 0.41063703546103636, 0.3995726696854265, 0.42261481397952727, 0.44021687794811437, 0.3824707656286658, 0.5786534350161521, 0.7405254449144658, 0.6921812167775655, 1.088697000489626, 0.15621539093945058, 0.7201066040189035, 0.8488895138901482], [0.16121851752997518, 0.1714959205982468, 0.44283681722644697, 0.8756279057385458, 0.5412049857263994, 0.32913071578452946, 0.7477526238197942, 0.4846734179810803, 0.560181888793705, 0.8400448861073246, 0.5199812848765226, 0.3458970910913469, 0.24245121674424708, 0.0, 0.43159847538045726, 0.2176250667900369, 0.660458586230821, 0.19669066088399256, 0.7702109749394725, 0.6107319790249653, 0.8368948974394761, 0.19897198519450643, 0.39900127054834356, 0.9371257739110255, 0.6893604673395427, 0.654939066646089, 0.6339325124064857, 0.34652665823472806, 0.6694588393098129, 0.19785327327875946, 0.4522615524410113, 0.7248913160758295, 0.44986146774039915, 0.6760105817107249, 0.4890854074451655, 0.6352477538828394, 0.3453204725881902, 0.24237562228865306, 0.5903478849137994, 0.2982008684000773, 0.7539041940349963, 0.45663954809521035, 0.658709735051566, 0.165423946834943, 0.3466118337392352, 0.23078938024681983, 0.3834413016731085, 0.7161432405772333, 0.544733439273025, 0.3066118944970222, 0.3080419201433052, 0.5240054045458514, 0.49616308360764005, 0.17317760627025647, 0.2989830691915383, 0.38622991124263073, 0.5188504216505018, 0.5389316723110682, 0.7406102206243055, 0.6772109919508359, 0.522229001214542, 0.5366942766469814, 0.506712645134626, 0.658254722723316, 0.3585087214955772, 0.6664111059559411, 0.8451484189458283, 0.325799723258675, 0.16818581871678928, 0.21025885848101866, 0.2365422496576195, 0.1977656612038673, 0.6249219823729129, 0.3925808706942443, 0.49807422817021874, 0.5058642833858775, 0.9026244361677183, 0.39866660768369766, 0.5340340396969957, 0.6064382971459011], [0.5928169929104324, 0.4327181642175981, 0.5288996964457021, 1.136850149357897, 0.9706885069825736, 0.7607291911649867, 1.1793510992002516, 0.7458956616004316, 0.8214041324130563, 1.271643361487782, 0.7812035284958739, 0.3022783666087061, 0.18914725863621018, 0.43159847538045726, 0.0, 0.21397340859042036, 0.22886011085036373, 0.2349078144964647, 1.2018094503199297, 0.8719542226443167, 0.40529642205901883, 0.6305704605749637, 0.5212048221025285, 1.198348017530377, 1.12095894272, 1.0865375420265462, 0.6022864359336699, 0.6109220132554913, 0.4220745935125455, 0.6294517486592167, 0.81669346206632, 1.1564897914562868, 0.018262992359941888, 1.107609057091182, 0.7503076510645168, 0.8964699975021907, 0.6065427162075415, 0.5903746028103393, 0.8515701285331507, 0.7297993437805346, 1.1855026694154536, 0.05143994303224375, 0.9199319786709174, 0.39997532484217835, 0.7782103091196925, 0.34744699805055523, 0.8150397770535658, 1.1477417159576906, 0.9763319146534822, 0.12498658088343506, 0.49092537984392726, 0.43818811059447427, 0.47693502424356227, 0.6047760816507137, 0.4626363017979197, 0.1045596022371007, 0.950448897030959, 0.8001539159304195, 0.3090117452438482, 1.1088094673312932, 0.09063052583408471, 0.9682927520274387, 0.9383111205150833, 1.0898531981037731, 0.7762129935598945, 0.5716465019062953, 0.583926175326477, 0.10876618435210372, 0.5997842940972465, 0.5887199283216367, 0.5901023421101163, 0.6293641365843246, 0.39148652182007526, 0.6538031143135956, 0.929672703550676, 0.8813284754137757, 1.1638466797870697, 0.20605020985673939, 0.795256283316347, 1.0380367725263584], [0.3788435843200121, 0.27059450175654476, 0.343738236068149, 0.9747264868968437, 0.7567150983921532, 0.5467557825745664, 0.9653776906098311, 0.5837719991393783, 0.659280469952003, 1.0576699528973617, 0.6190798660348206, 0.14015470414765274, 0.08697398316360982, 0.2176250667900369, 0.21397340859042036, 0.0, 0.4428335194407841, 0.02093440590604434, 0.9878360417295095, 0.7098305601832633, 0.6192698306494392, 0.41659705198454333, 0.35908115964147513, 1.0362243550693235, 0.9069855341295796, 0.8725641334361259, 0.44016277347261656, 0.445625239393026, 0.5703602581515149, 0.41547834006879636, 0.6027200534758996, 0.9425163828658664, 0.23223640095036224, 0.8936356485007618, 0.5881839886034634, 0.7343463350411373, 0.44441905374648816, 0.3764011942199189, 0.6894464660720974, 0.5158259351901142, 0.9715292608250332, 0.23901448130517344, 0.757808316209864, 0.186001916251758, 0.5642369005292721, 0.18532333558950187, 0.6010663684631454, 0.9337683073672702, 0.7623585060630619, 0.0889868277069853, 0.2769519712535069, 0.4249068233875535, 0.3970645024493421, 0.39080267306029337, 0.30051263933686634, 0.26668326469815407, 0.7364754884405387, 0.6380302534693661, 0.5229851538342686, 0.8948360587408728, 0.30460393442450506, 0.7543193434370183, 0.7243377119246629, 0.8758797895133529, 0.5622395849694741, 0.5673125247976432, 0.7460498377875303, 0.22670114210037706, 0.3858108855068262, 0.3747465197312163, 0.3761289335196959, 0.4153907279939042, 0.40729691558287595, 0.49167945185254225, 0.7156992949602556, 0.6673550668233553, 1.0017230173260163, 0.18104154089366076, 0.6331326208552936, 0.824063363935938], [0.8216771037607962, 0.5606995392994519, 0.7577598072960658, 1.0658486845308452, 1.1995486178329373, 0.9895893020153504, 1.4082112100506152, 0.6748941967733797, 0.7504026675860044, 1.5005034723381456, 0.997931864445146, 0.31456149513947407, 0.4180073694865739, 0.660458586230821, 0.22886011085036373, 0.4428335194407841, 0.0, 0.4637679253468284, 1.4306695611702935, 0.8009527578172647, 0.19410602613282912, 0.8594305714253274, 0.45020335727547656, 1.1273465527033248, 1.3498190535703638, 1.31539765287691, 0.531284971106618, 0.8397821241058551, 0.6509347043629092, 0.8583118595095804, 1.0455535729166838, 1.3853499023066504, 0.21059711849042184, 1.336469167941546, 0.6793061862374649, 0.8254685326751388, 0.662006766168155, 0.819234713660703, 0.7805686637060988, 0.9586594546308983, 1.4143627802658174, 0.20381903813561064, 0.8489305138438654, 0.6288354356925421, 1.0070704199700562, 0.42966920598400116, 1.0438998879039296, 1.3766018268080544, 1.205192025503846, 0.3538466917337988, 0.719785490694291, 0.667048221444838, 0.705795135093926, 0.8336361925010775, 0.39163483697086776, 0.27422867498819026, 1.1793090078813226, 0.7291524511033676, 0.2322919367063927, 1.3376695781816568, 0.13822958501627902, 1.1971528628778025, 1.167171231365447, 1.318713308954137, 1.005073104410258, 0.800506612756659, 0.6549276401535289, 0.33762629520246745, 0.8286444049476103, 0.8175800391720004, 0.81896245296048, 0.8582242474346883, 0.3204850569930233, 0.5828016494865437, 1.1585328144010396, 1.1101885862641394, 1.0928452149600176, 0.2617919785471233, 0.7242548184892951, 1.266896883376722], [0.35790917841396774, 0.27339156547484844, 0.34094117234984533, 0.9775235506151474, 0.7357806924861089, 0.525821376668522, 0.9444432847037868, 0.586569062857682, 0.6620775336703066, 1.0367355469913173, 0.6218769297531243, 0.14920643020735436, 0.08417691944530614, 0.19669066088399256, 0.2349078144964647, 0.02093440590604434, 0.4637679253468284, 0.0, 0.9669016358234651, 0.712627623901567, 0.6402042365554835, 0.395662646078499, 0.3618782233597788, 1.0390214187876272, 0.8860511282235353, 0.8516297275300816, 0.44295983719092025, 0.4484223031113297, 0.5675631944332112, 0.394543934162752, 0.5817856475698553, 0.921581976959822, 0.2531708068564066, 0.8727012425947175, 0.5909810523217671, 0.737143398759441, 0.44721611746479184, 0.35546678831387457, 0.692243529790401, 0.4948915292840699, 0.9505948549189889, 0.2599488872112178, 0.7606053799281677, 0.16506751034571365, 0.5433024946232278, 0.18812039930780555, 0.5801319625571011, 0.9128339014612259, 0.7414241001570175, 0.10992123361302963, 0.25601756534746256, 0.4221097596692498, 0.3942674387310384, 0.36986826715424903, 0.30330970305517, 0.2638862009798504, 0.7155410825344943, 0.6408273171876698, 0.5439195597403129, 0.8739016528348285, 0.3255383403305494, 0.733384937530974, 0.7034033060186186, 0.8549453836073085, 0.5413051790634298, 0.5645154610793395, 0.7432527740692266, 0.22390407838207338, 0.36487647960078184, 0.35381211382517197, 0.35519452761365156, 0.39445632208785986, 0.4282313214889203, 0.49447651557084593, 0.6947648890542113, 0.646420660917311, 1.00452008104432, 0.2019759467997051, 0.6359296845735973, 0.8031289580298937], [0.6089924574094974, 0.8699700218708416, 0.6729097538742277, 0.9948031145395214, 0.6603801945273751, 0.4410802591549431, 0.25983537425915815, 1.1656515397072056, 0.6835961773460687, 0.3342908304189258, 0.6391564936774983, 1.1161080660308196, 1.0126621916837197, 0.7702109749394725, 1.2018094503199297, 0.9878360417295095, 1.4306695611702935, 0.9669016358234651, 0.0, 0.729907187825941, 1.6071058723789486, 0.5712389897449661, 1.1692122454878162, 1.0563009827120011, 0.08085050759992984, 0.22537697226340203, 1.4041434873459582, 0.5908874370644385, 0.7797348568073843, 0.5723577016607131, 0.3851159882536098, 0.18545891735027054, 1.2200724426798717, 0.4577609059397503, 1.0472537156249593, 1.0246029372610848, 0.7686627950021385, 0.6114348475095905, 1.1282673001654318, 0.47201010653939524, 0.0782365102349879, 1.226850523034683, 0.7778849438525417, 0.8018341254777515, 0.42359914120023734, 1.0010003551862923, 0.386769673266364, 0.37211513026728016, 0.22547753566644757, 1.0768228694364947, 0.7108840704760025, 0.7636213397254555, 0.7248744260763675, 0.5970333686692161, 1.0691940441310108, 1.1564408861821032, 0.33095948573277767, 1.304475270816102, 1.510821195563778, 0.09299998298863665, 1.2924399761540144, 0.2335166982924911, 0.4965985187522357, 0.11195625221615657, 0.47768393029655287, 0.6301629484136345, 0.780981801531685, 1.0930432659678262, 0.6020251562226833, 0.6130895219982931, 0.6117071082098136, 0.5724453137356053, 1.3951329573123854, 1.0140019143168053, 0.6054192671909674, 0.6250394921868532, 1.021799644968694, 1.1688775826231703, 1.2446069888346751, 0.1637726777935714], [0.6119216100489796, 0.43923605842671853, 1.0535687962514122, 0.2818124247235303, 0.4435717813922878, 0.5839667446226178, 0.6522343736099657, 0.49095881497756155, 0.050550090231260336, 0.7445266358974961, 0.24195502800449653, 0.5696758560356106, 0.7968045433468731, 0.6107319790249653, 0.8719542226443167, 0.7098305601832633, 0.8009527578172647, 0.712627623901567, 0.729907187825941, 0.0, 0.9324131476493046, 0.4956074126469202, 0.49451952075817207, 0.32639379488606013, 0.7245617178777506, 0.5594208164362605, 0.7294507626163143, 0.2642053207902373, 1.2801908183347783, 0.4382500837583815, 1.0629935314659766, 0.629373065866001, 0.889166236956639, 0.5804923315008964, 0.37256099089531514, 0.3499102125314407, 0.26541150643677514, 0.8531076013136184, 0.4535745754357876, 0.5476915247916712, 0.6583859438251678, 0.8205142796120729, 0.047977756026600704, 0.7761559258599083, 0.7759432948622184, 0.5245072245937614, 0.8349549522900948, 0.6206249903674048, 0.6740277163062985, 0.7872103560097895, 0.9187738991682706, 1.1347373835708168, 1.1068950626326055, 0.7576340769854646, 0.40931792084639695, 0.9765138248814174, 0.42333217144067325, 0.629782546086458, 0.836128470834134, 0.8195180847094838, 0.8551630745378997, 0.5630104740807347, 0.4111943949247975, 0.7602958739598121, 0.2522232575293881, 1.2771430849809065, 1.4558803979707937, 0.9365317022836404, 0.658766979724095, 0.820990837505984, 0.37418972936734585, 0.47938745694229423, 0.7204402325827414, 0.3393091895871614, 0.4025559779603902, 0.3542117498234899, 0.2918924571427529, 0.6659040127875773, 0.569914264105031, 0.6952960495200389], [0.9981134149694513, 0.737135850508107, 0.934196118504721, 0.871742658398016, 1.3759849290415924, 1.1660256132240057, 1.5846475212592703, 0.48078817064055057, 0.9235096950328799, 1.6769397835468007, 1.1743681756538011, 0.4909978063481292, 0.594443680695229, 0.8368948974394761, 0.40529642205901883, 0.6192698306494392, 0.19410602613282912, 0.6402042365554835, 1.6071058723789486, 0.9324131476493046, 0.0, 1.0358668826339825, 0.43789362689113254, 0.9332405265704957, 1.526255364779019, 1.4918339640855651, 0.33717894497378886, 1.01621843531451, 0.8273710155715643, 1.0347481707182355, 1.221989884125339, 1.5617862135153056, 0.38703342969907695, 1.512905479150201, 0.5598521567539895, 0.6313625065423096, 0.8384430773768101, 0.9956710248693581, 0.5864626375732697, 1.1350957658395533, 1.5907990914744725, 0.38025534934426575, 0.9175924332585068, 0.8052717469011972, 1.1835067311787113, 0.6061055171926563, 1.2203361991125847, 1.5530381380167095, 1.381628336712501, 0.5302830029424539, 0.8962218019029461, 0.8434845326534931, 0.8822314463025811, 1.0100725037097327, 0.5379118282479378, 0.45066498619684536, 1.3557453190899778, 0.5350464249705384, 0.09628467681517061, 1.5141058893903119, 0.3146658962249341, 1.3735891740864576, 1.343607542574102, 1.495149620162792, 1.1815094156189132, 0.9769429239653141, 0.849033666286358, 0.5140626064111226, 1.0050807161562654, 0.9940163503806555, 0.9953987641691351, 1.0346605586433433, 0.21197291506656324, 0.5931039580621432, 1.3349691256096947, 1.2866248974727945, 0.8987391888271885, 0.43822828975577843, 0.530148792356466, 1.4433331945853771], [0.1163141974020594, 0.2987310321258755, 0.5579613836044921, 0.7605033393605006, 0.4260804193483543, 0.13015873059002303, 0.5487806386252878, 0.5944125499622395, 0.4450573224156599, 0.6410729009128182, 0.4048567184984775, 0.5448690762858533, 0.4414232019387535, 0.19897198519450643, 0.6305704605749637, 0.41659705198454333, 0.8594305714253274, 0.395662646078499, 0.5712389897449661, 0.4956074126469202, 1.0358668826339825, 0.0, 0.59797325574285, 0.8220012075329803, 0.4903884821450363, 0.4559670814515826, 0.8329044976009922, 0.23140209185668292, 0.784583405687858, 0.05735732888853873, 0.5673861188190564, 0.525919330881323, 0.6488334529349056, 0.4770385965162185, 0.47601472587999305, 0.5201231875047942, 0.23019590621014507, 0.3575001886666982, 0.5570283104204655, 0.09922888320557088, 0.5549322088404899, 0.6556115332897168, 0.5435851686735209, 0.2805485132129881, 0.28033588221529815, 0.42976136544132626, 0.33934753964317454, 0.5171712553827269, 0.34576145407851855, 0.5055838796915286, 0.42316648652135036, 0.6391299709238966, 0.6112876499856852, 0.2620266643385444, 0.4979550543860447, 0.5852018964371372, 0.31987843645599534, 0.7332362810711359, 0.9395822058188119, 0.47823900675632947, 0.7212009864090484, 0.337722291452475, 0.30774065994011957, 0.45928273752880955, 0.24338415511753209, 0.7815356723339862, 0.9602729853238734, 0.52180427622286, 0.16315956707717483, 0.3253834248590638, 0.12141768327957436, 0.016219955704625977, 0.8238939675674193, 0.4427629245718393, 0.3711194920119466, 0.3907397170078324, 0.7874998697896731, 0.5976385928782041, 0.6733679990897089, 0.4074663119513947], [0.5602197880783187, 0.2992422236169745, 0.7028193957096242, 0.6156453272553686, 0.9380913021504599, 0.728131986332873, 1.1467538943681377, 0.22469083949790314, 0.4856160681417474, 1.239046156655668, 0.7364745487626686, 0.2189264554938224, 0.44605514280508496, 0.39900127054834356, 0.5212048221025285, 0.35908115964147513, 0.45020335727547656, 0.3618782233597788, 1.1692122454878162, 0.49451952075817207, 0.43789362689113254, 0.59797325574285, 0.0, 0.6771431954278483, 1.0883617378878863, 1.0539403371944327, 0.23493124185814218, 0.5783248084233776, 0.92944141779299, 0.596854543827103, 0.7840962572342063, 1.123892586624173, 0.5384168364148508, 1.0750118522590686, 0.2291028289619883, 0.3752651753996622, 0.4005494504856776, 0.5577773979782256, 0.33036530643062223, 0.6972021389484209, 1.1529054645833399, 0.46976487907028475, 0.4796988063673743, 0.4254065253181202, 0.7456131042875788, 0.17375782405197326, 0.7824425722214521, 1.1151445111255769, 0.9437347098213685, 0.43646095546800134, 0.5680244986264824, 0.7839879830290286, 0.7561456620908172, 0.5721788768186, 0.10001820135680528, 0.6257644243396292, 0.9178516921988453, 0.278949093827891, 0.3416089500759619, 1.0762122624991795, 0.5044136739961116, 0.935695547195325, 0.9057139156829696, 1.0572559932716596, 0.7436157887277808, 0.9263936844391183, 1.1051309974290056, 0.5857823017418522, 0.5671870892651328, 0.556122723489523, 0.5575051372780025, 0.5967669317522108, 0.2259207118245693, 0.15521033117101068, 0.8970754987185623, 0.