{"num_vertices": 100, "poses": [[0.6070589210492393, 0.7316373252427235], [0.6458110352048022, 0.4035420793617398], [0.19885053982375478, 0.7620705330932378], [0.5460981412828384, 0.8190895150506675], [0.7230292926721841, 0.9464277439297696], [0.650008546027675, 0.41877896427801997], [0.15468668286166065, 0.8490232500099948], [0.32316725900665366, 0.242653108721397], [0.12431481684974299, 0.35895627235156335], [0.9116235995364593, 0.6130438761136255], [0.7494119843737174, 0.9465611430546977], [0.20267593769536352, 0.23376786468614985], [0.9082121065484895, 0.4532723150673268], [0.47606210490295886, 0.6382899362611688], [0.02929183170151861, 0.9030117078936477], [0.6727787532742716, 0.42445237518080947], [0.7214450123903278, 0.19114079270944162], [0.4848400170235183, 0.6050802584851396], [0.32507043464889274, 0.43451062995982914], [0.47544952299295307, 0.23701707048179255], [0.04894893909014553, 0.04687379078374965], [0.08777368511318007, 0.7744493768602786], [0.673067148053487, 0.9235081935937455], [0.5711586960010452, 0.17429441941798585], [0.569099752547747, 0.25378208403315694], [0.5260809323337491, 0.7743804292535599], [0.38675092320713944, 0.03658873046780187], [0.8276767157488066, 0.66122105419264], [0.21726124667262126, 0.06328242522207117], [0.4020184859994297, 0.7102285876081323], [0.5413992891434984, 0.5341133370516254], [0.15054271402588348, 0.7845461333565484], [0.6135964476251973, 0.15006018015993705], [0.32355341172296703, 0.9392896708109622], [0.02682990016302811, 0.22682559435279614], [0.3070041528845098, 0.8842010092061716], [0.9166054113626834, 0.6961777524115618], [0.8330740406081656, 0.39830383909985045], [0.2354409637662267, 0.6008066811105414], [0.3821718971794126, 0.09660587856088843], [0.2645829609949788, 0.6002819431608988], [0.32479622461767566, 0.10856085628199186], [0.36909232911836554, 0.660759630002202], [0.4639194784773357, 0.820191141801885], [0.016517772732339786, 0.16551736742831602], [0.9234600939504422, 0.855882491733992], [0.17783639768075932, 0.40578526228450706], [0.4181299760803828, 0.5700221005240329], [0.8562274098793775, 0.2995898770177766], [0.4120491165812027, 0.7070109351529572], [0.4952182942855149, 0.18334250967822951], [0.577536460416344, 0.07161917827318143], [0.04888385208241974, 0.8430252731218429], [0.23719796885059086, 0.7566927283932379], [0.5833913509983942, 0.7604981833758492], [0.2189418393678334, 0.2913469241564639], [0.23933322374283916, 0.8181237942707172], [0.5749331828931262, 0.48942412875291474], [0.35250058557546926, 0.8975315672215571], [0.29072013985432676, 0.6196512493128377], [0.9400516236649241, 0.6647927916038283], [0.4891146111350082, 0.04855350940069292], [0.3570748878482525, 0.013882281016566855], [0.5934519615251606, 0.31560679695477434], [0.25652237535197076, 0.23580619878267006], [0.6552647071322789, 0.8601638056978841], [0.5548146538174354, 0.5159241465401194], [0.40780751587872943, 0.4911034325662307], [0.8344310814865464, 0.9869478000938973], [0.9422421455002756, 0.48537648859413673], [0.5043779257594505, 0.44586886569740314], [0.5841643734072686, 0.017529008388802114], [0.1697854853467824, 0.5751565529890689], [0.563415008423555, 0.7069413567304501], [0.648985547522532, 0.17660568300029256], [0.9944181909241008, 0.4608365590420598], [0.24099937275177497, 0.19330144019343465], [0.3988782409203808, 0.04153530420656859], [0.3567127125187224, 0.553503211432533], [0.44916196485660353, 0.16524760029269758], [0.9552124174100582, 0.6689437143185901], [0.23204741389385064, 0.4356539866005471], [0.446042021313498, 0.3798791542429354], [0.051601873910791185, 0.7667582044682439], [0.4159380303168362, 0.03385709901755707], [0.28839077957884296, 0.13766545253924345], [0.06402088188277066, 0.6648160779635163], [0.8328246717606381, 0.09832562018534974], [0.9373593392094713, 0.6207911689847887], [0.18291939500413235, 0.928096086947343], [0.5953922107617029, 0.08865722390852782], [0.25467177231824345, 0.7539660727622894], [0.42519966757818095, 0.42108296725238825], [0.49762260536152747, 0.8841137468863673], [0.045734412682755576, 0.5917933144079675], [0.037805769128476774, 0.7158235160401686], [0.10944061402457106, 0.6776500961940618], [0.7144788704932886, 0.6695698024846206], [0.9765684152436875, 0.04298935797265213], [0.04624228189923363, 0.3892830736369721]], "dists": [[0.0, 0.3668473600365466, 0.4386415890759988, 0.1484129695743449, 0.33076079030999084, 0.3558079859431392, 0.5697581629548499, 0.7728758785639122, 0.8554251570906565, 0.423158127616318, 0.3572768811364523, 0.9022524439104495, 0.5795181956746469, 0.22434420512783515, 0.7491414719986449, 0.37290478228694635, 0.6548826238743704, 0.24877597078330493, 0.5791151816832409, 0.6262296528172172, 1.2428735164180678, 0.5620972875536143, 0.25787909535526965, 0.5932431308729318, 0.5158144097110589, 0.12372109272632659, 0.9153565926170215, 0.29103406574965085, 1.0581525743972704, 0.2264491726844008, 0.26318362009683893, 0.5094250151371807, 0.5881146716587444, 0.4911578548945109, 1.0850407517761385, 0.45261845212817764, 0.3450060631446058, 0.5593486057017993, 0.5024486014151948, 0.8599184705516618, 0.47383134213608524, 0.9053391653922953, 0.30884428717139534, 0.2316932591310651, 1.156661106131307, 0.44064633939247133, 0.7550745863266964, 0.3505441696875471, 0.6812159370550851, 0.21963619455780292, 0.6601354423282184, 0.6895406076024374, 0.669563016845939, 0.3949163553491628, 0.05252842818397074, 0.8284074827676655, 0.4542121663343939, 0.27433893464592185, 0.42045257745260367, 0.4283248571247984, 0.39983723625458, 0.8010281257562617, 0.9677390774271435, 0.42963748781202793, 0.846367672157322, 0.17673226653820018, 0.26795744593440796, 0.4397852978470027, 0.4826826352884809, 0.5814440610996231, 0.3884494548351092, 0.7370028644958921, 0.5937542079561116, 0.06833988113795775, 0.5969582687157237, 0.6581600360755252, 0.9043954333467532, 0.8982827011650134, 0.42848032234070743, 0.7242866811426617, 0.41084710728495233, 0.6709948457975651, 0.5127750707355294, 0.5905779263639686, 0.8889011169575696, 0.9126400141738764, 0.6098592864456759, 0.8590774557687726, 0.44114657441816685, 0.6205982877497265, 0.6546468116217321, 0.3747158962505618, 0.4924136114613936, 0.26191273733135567, 0.7011685192012398, 0.5850669611233175, 0.55160553607333, 0.1694874722021522, 1.0581574614645195, 0.9031708907557571], [0.3668473600365466, 0.0, 0.8054889491125454, 0.5152603296108915, 0.6201039220354116, 0.019434395739152954, 0.9366055229913965, 0.48353274683849135, 0.5660820253652357, 0.47531436108354286, 0.6466200128618731, 0.6129093121850286, 0.3121313070492743, 0.40449678720127236, 1.1159888320351916, 0.04787801388853907, 0.28803526383782374, 0.3625091973046837, 0.3517091511539988, 0.3368865210917964, 0.9535303846926468, 0.9289446475901609, 0.5472222270806905, 0.303899999147511, 0.22647127798563804, 0.4905684527628732, 0.6260134608916007, 0.4395446553749046, 0.7688094426718496, 0.5504790574517651, 0.2349830037511894, 0.8762723751737274, 0.2856964867814077, 0.8580052149310575, 0.7956976200507178, 0.8194658121647242, 0.5634300492077031, 0.19250124566525273, 0.6076346731873771, 0.570575338826241, 0.5779679380089824, 0.6159960336668745, 0.5339362567268988, 0.5985406191676117, 0.8673179744058862, 0.7299894711178921, 0.47021782044681015, 0.3941610802867125, 0.3143685770185385, 0.5372307744148169, 0.3707923106027976, 0.4001974758770166, 1.0364103768824857, 0.7617637153857094, 0.41937578822051735, 0.5390643510422447, 0.8210595263709405, 0.15675990170285092, 0.7872999374891503, 0.5712000653015733, 0.5554913007022104, 0.5116849940308409, 0.6783959457017227, 0.14029435608660712, 0.5570245404319012, 0.466075398263621, 0.20337844856574638, 0.32556487253056365, 0.7720257670139017, 0.37826551952787035, 0.18375989578101504, 0.44765973277047133, 0.6476400234853489, 0.38579530414995755, 0.23011090867917705, 0.40590163539961854, 0.6150523016213324, 0.6089395694395926, 0.439059454756873, 0.4349435494172409, 0.5748030171621064, 0.44587552854975887, 0.2234319390101086, 0.9574252864005152, 0.5995579852321488, 0.6232968824484556, 0.843064151923808, 0.492230095732226, 0.508797393627718, 0.9874456477862731, 0.3653036798963113, 0.7415632562871084, 0.2381522555172697, 0.6287600973679023, 0.7883278575682743, 0.9202867027547542, 0.8104784380125531, 0.3346955584113672, 0.691310101427973, 0.6138277590303363], [0.4386415890759988, 0.8054889491125454, 0.0, 0.40426658341651334, 0.7085359636849611, 0.794449575019138, 0.13111657387885112, 0.6437341435547397, 0.47764998371568623, 0.8617997166923168, 0.7350520545114225, 0.5321280662786967, 1.0181597847506456, 0.40099216191127307, 0.3104998829226461, 0.8115463713629452, 1.0935242129503693, 0.44297975180786175, 0.4537797979585466, 0.8016524457806435, 0.8650983430430974, 0.1234556984776155, 0.6356542687302399, 0.9600842698525424, 0.8785376617840731, 0.3395402886703164, 0.9133821860088206, 0.7296756548256497, 0.7171988147200331, 0.25500989166078036, 0.570505945361356, 0.07078342606118193, 1.0267562607347434, 0.3019220096169366, 0.7072655784011683, 0.2302840891736888, 0.7836476522206046, 0.9979901947777982, 0.19785427592516835, 0.8487860118880072, 0.22752101110356304, 0.7794553616051668, 0.2715526923856466, 0.32318954736222816, 0.7788859327563368, 0.8184215127674416, 0.3772994129517262, 0.41132786882583294, 1.119857526131084, 0.2682581746977285, 0.8750957778767684, 1.0691372754126456, 0.23092142776994018, 0.04372523372683601, 0.3861131608920281, 0.4908149084808525, 0.09653594509656382, 0.6487290474096945, 0.2891110798800338, 0.23428888381097213, 0.8384788253305788, 1.0037810950037982, 0.9064126001011686, 0.8410651578398692, 0.5839361698387837, 0.5545074399131704, 0.602110500546799, 0.4799240765819818, 0.8604578086634511, 1.020085650175622, 0.6217290533315304, 1.1298553582879496, 0.21597903458114132, 0.4196936449625879, 1.0355998577917225, 1.096801625151524, 0.6109179258278233, 0.9205629299832953, 0.3664294943556724, 0.847134357833389, 0.8494886963609511, 0.35961342056278656, 0.6293828603400456, 0.15193633728796974, 0.9453009245687621, 0.7139453203090825, 0.23208411307070564, 1.2977190448447713, 0.8797881634941657, 0.18195669867372766, 1.0699549801226582, 0.06392569282543703, 0.5673366935952757, 0.42081527933090224, 0.32339334582626955, 0.20729178774834722, 0.17383036269835972, 0.608129061278151, 1.4967990505405184, 0.5253957173807868], [0.1484129695743449, 0.5152603296108915, 0.40426658341651334, 0.0, 0.30426938026844774, 0.5042209555174841, 0.421345193380505, 0.7993672886054553, 0.8819165671321996, 0.5715710971906629, 0.3307854710949092, 0.9287438539519925, 0.7279311652489918, 0.25083561516937825, 0.6007285024243, 0.5213177518612913, 0.8032955934487153, 0.27526738082484803, 0.605606591724784, 0.6527210628587603, 1.2693649264596107, 0.5029645943600473, 0.23138768531372655, 0.6698556503508885, 0.5883090422824192, 0.06472629474619696, 0.9418480026585646, 0.43944703532399576, 1.0846439844388134, 0.2529405827259439, 0.28967503013838203, 0.430098808951074, 0.7365276412330893, 0.342744885320166, 1.1115321618176817, 0.30420548255383273, 0.4934190327189507, 0.7077615752761443, 0.5289400114567379, 0.8864098805932049, 0.5003227521776283, 0.9318305754338384, 0.33533569721293843, 0.08328028955672018, 1.18315251617285, 0.41415492935092824, 0.7815659963682395, 0.3770355797290902, 0.82962890662943, 0.24612760459934602, 0.6866268523697615, 0.7789086559109917, 0.5211500472715941, 0.3712969590896772, 0.09588454139037417, 0.8548988928092086, 0.3077306383199495, 0.3585004279080406, 0.27203960787825876, 0.4548162671663415, 0.5482502058289249, 0.8275195357978048, 0.9942304874686866, 0.5508365383382153, 0.8728590821988651, 0.15024085649665708, 0.31188188104514514, 0.4662767078885458, 0.4561912252469378, 0.729857030673968, 0.41494086487665227, 0.8396267387862956, 0.6202456179976547, 0.12946502546093397, 0.7453712382900686, 0.8065730056498701, 0.9308868433882963, 0.9247741112065565, 0.4549717323822505, 0.7507780911842048, 0.5592600768592972, 0.6974862558391082, 0.5392664807770725, 0.5468275779544708, 0.9153925269991127, 0.9391314242154195, 0.636350696487219, 1.0074904253431174, 0.5895595439925118, 0.47218531817538156, 0.7797263606210042, 0.356549811252973, 0.5189050215029367, 0.11349976775701076, 0.7276599292427829, 0.6115583711648606, 0.5780969461148731, 0.3179004417764971, 1.2065704310388645, 0.9296623007973002], [0.33076079030999084, 0.6201039220354116, 0.7085359636849611, 0.30426938026844774, 0.0, 0.6006695262962587, 0.6657471037302982, 1.103636668873903, 1.1861859474006473, 0.5219781746804193, 0.026516090826461447, 1.2330132342204403, 0.6783382427387482, 0.555104995437826, 0.7371534970067873, 0.5722259081468726, 0.7568712315021843, 0.5795367610932958, 0.9098759719932318, 0.956990443127208, 1.5736343067280585, 0.807233974628495, 0.07288169495472119, 0.9240039211829226, 0.8465752000210497, 0.3689956750146447, 1.2461173829270122, 0.38985411281375215, 1.3889133647072613, 0.5572099629943916, 0.5939444104068298, 0.7343681892195217, 0.9058004088168193, 0.4066139540680245, 1.4158015420861294, 0.47825187451127227, 0.4438261102087071, 0.6581686527659006, 0.8332093917251856, 1.1906792608616525, 0.8045921324460761, 1.236099955702286, 0.6396050774813862, 0.3853464163227329, 1.487421896441298, 0.29097605347403566, 1.0858353766366873, 0.6813049599975379, 0.7800359841191864, 0.5503969848677938, 0.9908962326382093, 1.0203013979124282, 0.777547911397691, 0.6755663393581249, 0.32556750222771025, 1.1591682730776562, 0.6120000185883973, 0.6050997249559127, 0.41942488380492726, 0.7590856474347892, 0.4986572833186813, 1.1317889160662524, 1.2984998677371342, 0.7603982781220188, 1.1771284624673128, 0.15402852377179066, 0.5987182362443988, 0.7705460881569935, 0.15192184497849004, 0.6802641081637244, 0.7192102451451, 1.067763654805883, 0.9245149982661024, 0.3991006714479486, 0.8438658060791291, 0.7569800831396265, 1.2351562236567442, 1.2290434914750041, 0.7592411126506983, 1.0550474714526525, 0.5096671543490536, 1.001755636107556, 0.8435358610455203, 0.8510969582229185, 1.2196619072675605, 1.2434008044838674, 0.9406200767556667, 0.9578975028328739, 0.5399666214822681, 0.5584415546504783, 0.9854076019317229, 0.6608191915214208, 0.8231744017713845, 0.28772068435405884, 1.0319293095112307, 0.9158277514333083, 0.8823663263833208, 0.2854083636240444, 1.156977508528621, 1.233931681065748], [0.3558079859431392, 0.019434395739152954, 0.794449575019138, 0.5042209555174841, 0.6006695262962587, 0.0, 0.9255661488979892, 0.5029671425776443, 0.5855164211043886, 0.4558799653443899, 0.6271856171227201, 0.6323437079241816, 0.2926969113101213, 0.393457413107865, 1.104949457941784, 0.02844361814938612, 0.2990746379312311, 0.3514698232112763, 0.3406697770605914, 0.35632091683094935, 0.9729647804317998, 0.9179052734967535, 0.5277878313415375, 0.32333439488666393, 0.245905673724791, 0.4795290786694658, 0.6454478566307537, 0.42011025963575166, 0.7882438384110025, 0.5394396833583577, 0.22394362965778203, 0.86523300108032, 0.30513088252056064, 0.8469658408376501, 0.8151320157898707, 0.8084264380713169, 0.5439956534685502, 0.2035406197586601, 0.5965952990939697, 0.590009734565394, 0.566928563915575, 0.6354304294060275, 0.5228968826334914, 0.5875012450742043, 0.8867523701450392, 0.7105550753787392, 0.4851658503404286, 0.3831217061933051, 0.32540795111194587, 0.5261914003214095, 0.39022670634195056, 0.41963187161616955, 1.0253710027890781, 0.750724341292302, 0.40833641412710997, 0.5584987467813977, 0.8100201522775331, 0.14572052760944354, 0.7762605633957429, 0.5601606912081659, 0.5360569049630575, 0.5311193897699938, 0.6978303414408756, 0.15972875182576007, 0.5764589361710541, 0.44664100252446803, 0.192339074472339, 0.31452549843715627, 0.7525913712747487, 0.3588311237887174, 0.17272052168760765, 0.4670941285096243, 0.6366006493919415, 0.37475593005655017, 0.2431962797828704, 0.3864672396604656, 0.6344866973604854, 0.6283739651787456, 0.42802008066346564, 0.45437794515639385, 0.5553686214229534, 0.4348361544563515, 0.24286633474926156, 0.9463859123071078, 0.6189923809713017, 0.6427312781876086, 0.8320247778304006, 0.5032694698256334, 0.4893629978885651, 0.9764062736928657, 0.38473807563546425, 0.730523882193701, 0.22711288142386232, 0.6177207232744949, 0.7772884834748669, 0.9092473286613468, 0.7994390639191458, 0.31526116267221427, 0.7023494755213804, 0.6332621547694892], [0.5697581629548499, 0.9366055229913965, 0.13111657387885112, 0.421345193380505, 0.6657471037302982, 0.9255661488979892, 0.0, 0.7748507174335908, 0.5204388436703491, 0.9929162905711679, 0.6922631945567597, 0.6632446401575478, 1.1492763586294967, 0.5321087357901242, 0.17938330904379496, 0.9426629452417963, 1.2246407868292204, 0.5740963256867129, 0.5848963718373977, 0.9327690196594947, 0.9078872029977603, 0.14148687089819678, 0.592865408775577, 1.0912008437313934, 1.0096542356629241, 0.44603707022852335, 1.0444987598876718, 0.8607922287045008, 0.8483153885988842, 0.3861264655396315, 0.7016225192402071, 0.06862108548922352, 1.1578728346135945, 0.25913314966227374, 0.7500544383558312, 0.18749522921902595, 0.9147642260994557, 1.1291067686566492, 0.32897084980401947, 0.9799025857668583, 0.35863758498241416, 0.9105719354840179, 0.4026692662644977, 0.33806490382378485, 0.8216747927109996, 0.7756326528127787, 0.4663877025445864, 0.5424444427046841, 1.250974100009935, 0.3993747485765796, 1.0062123517556194, 1.2002538492914967, 0.11180080766739275, 0.17484180760568713, 0.5172297347708792, 0.6219314823597036, 0.11554599662045606, 0.7798456212885456, 0.24632221992537096, 0.36540545768982324, 0.9695953992094299, 1.1348976688826493, 1.0375291739800199, 0.9721817317187204, 0.7150527437176348, 0.5117185799585076, 0.7332270744256502, 0.6110406504608329, 0.8176689487087883, 1.151202224054473, 0.7528456272103815, 1.2609719321668007, 0.28896549950604766, 0.550810218841439, 1.1667164316705736, 1.2279181990303751, 0.7420344997066745, 1.0516795038621463, 0.4975460682345235, 0.9782509317122401, 0.9806052702398023, 0.4907299944416377, 0.7604994342188968, 0.18534985449262031, 1.0764174984476131, 0.8450618941879336, 0.2748729730253685, 1.4288356187236224, 1.010904737373017, 0.10730554907981993, 1.2010715540015093, 0.19504226670428815, 0.6984532674741268, 0.3780264193762394, 0.3661822057809324, 0.2500806477030101, 0.21661922265302258, 0.7392456351570021, 1.6279156244193695, 0.5681845773354497], [0.7728758785639122, 0.48353274683849135, 0.6437341435547397, 0.7993672886054553, 1.103636668873903, 0.5029671425776443, 0.7748507174335908, 0.0, 0.315155605787077, 0.9588471079220342, 1.1301527597003644, 0.1293765653465373, 0.7956640538877656, 0.548531673436077, 0.9542340264773858, 0.5314107607270304, 0.4497900693956295, 0.5240999077806072, 0.1937606968806712, 0.15791830222590386, 0.4699976378541555, 0.7671898420323552, 1.0307549739191817, 0.3163501262978027, 0.2570614688528533, 0.7346409938592583, 0.2696480424540809, 0.923077402213396, 0.28527669583335824, 0.5464267058795114, 0.5096922584670732, 0.7145175696159216, 0.38302211718000356, 0.6970227148058785, 0.3121648732122264, 0.6577110066069185, 1.0469627960461945, 0.6655575119799654, 0.4458798676295713, 0.2050518683332675, 0.41621313245117664, 0.13572121805042714, 0.4640315913925168, 0.7182902525511701, 0.38378522756739486, 1.2135222179563834, 0.3084630148890044, 0.42233170887636506, 0.5899969191691035, 0.5532396840061092, 0.23136163432202872, 0.4254031318579059, 0.8746555713246799, 0.6000089098279037, 0.7780691666461927, 0.15291923507388716, 0.6593047208131347, 0.4985369439179903, 0.6842117850689757, 0.40944525974376755, 1.0390240475407018, 0.3600469514490586, 0.26267845654642896, 0.3432383907518842, 0.07349179359340985, 0.9496081451021123, 0.5049184326295042, 0.33309058071690945, 1.255558513852393, 0.8617982663663617, 0.384426423728803, 0.4861212147332098, 0.48588521792754313, 0.7045359974259544, 0.3918657142369828, 0.8894343822381099, 0.13151955478284105, 0.2768287864285556, 0.3443955562232047, 0.2034002142786493, 1.0583357640005977, 0.2841207229919531, 0.26010080782838274, 0.7956704808427094, 0.30156678101402246, 0.13976413560996426, 0.6813093463660023, 0.6539849012900317, 0.9923301404662094, 0.8256908422284673, 0.4262208365679184, 0.5798084507293026, 0.28046226710251854, 0.8159159845198442, 0.6265730520104685, 0.7585318971969485, 0.6487236324547474, 0.8182283052498586, 0.8530649069857787, 0.42355494202299515], [0.8554251570906565, 0.5660820253652357, 0.47764998371568623, 0.8819165671321996, 1.1861859474006473, 0.5855164211043886, 0.5204388436703491, 0.315155605787077, 0.0, 1.0413963864487785, 1.2127020382271088, 0.20354952851103403, 0.8782133324145099, 0.6310809519628213, 0.6390784206903087, 0.6139600392537747, 0.7649456751827065, 0.6066491863073515, 0.27630997540741553, 0.4730739080129809, 0.3874483593274112, 0.45203423624527816, 1.1133042524459262, 0.6315057320848797, 0.5499591240164104, 0.8171902723860026, 0.5848036482411579, 1.0056266807401402, 0.38862027695237045, 0.6289759844062557, 0.5922415369938175, 0.4518177581811256, 0.6981777229670806, 0.7795719933326228, 0.2296155946854821, 0.707934072889375, 1.1295120745729388, 0.7481067905067097, 0.3529765556754617, 0.5202074741203445, 0.38159381495457123, 0.45087682383750416, 0.5465808699192611, 0.8008395310779144, 0.30123594904065054, 1.296071496483128, 0.10035057076396003, 0.5048809874031094, 0.7912789883634213, 0.6357889625328536, 0.5465172401091057, 0.7405587376449829, 0.5594999655376028, 0.5106196080425224, 0.8606184451729371, 0.16223637071318986, 0.5741859288122501, 0.5810862224447346, 0.76676106359572, 0.4271002999658581, 1.121573326067446, 0.6752025572361356, 0.577834062333506, 0.5124866200722066, 0.25535763207112105, 1.0321574236288567, 0.5874677111562485, 0.41563985924365376, 1.3381077923791374, 0.944347544893106, 0.4669757022555473, 0.8012768205202868, 0.2616709491345449, 0.7870852759526987, 0.7070213200240598, 0.9719836607648542, 0.2823393880601607, 0.5919843922156326, 0.42694483474994904, 0.5185558200657263, 1.140885042527342, 0.1844303112930914, 0.34265008635512706, 0.4805148750556324, 0.6167223868010995, 0.38536678254141987, 0.36615374057892525, 0.9691405070771087, 1.0748794189929538, 0.627744392750169, 0.7413764423549954, 0.5253667558792265, 0.36301154562926286, 0.8984652630465885, 0.3114174462233915, 0.44337629140987145, 0.3335680266676704, 0.9007775837766029, 1.1682205127728558, 0.10839933623591813], [0.423158127616318, 0.47531436108354286, 0.8617997166923168, 0.5715710971906629, 0.5219781746804193, 0.4558799653443899, 0.9929162905711679, 0.9588471079220342, 1.0413963864487785, 0.0, 0.49572888210381416, 1.0882236732685715, 0.16318305403426858, 0.46080755478104374, 1.1722995996149628, 0.4274363471950038, 0.6120816705503155, 0.434747200141427, 0.765086411041363, 0.8122008821753393, 1.4288447457761897, 0.9852554151699323, 0.5490207689630923, 0.7792143602310538, 0.7017856390691809, 0.5468792203426446, 1.1013278219751435, 0.13212406186666714, 1.2441238037553926, 0.6067898250315364, 0.449154849454961, 0.9325831427534987, 0.7610108478649505, 0.9143159825108289, 1.2710119811342606, 0.8757765797444956, 0.08811568812416026, 0.2932895959420688, 0.6884198307733168, 1.0458896999097838, 0.6598025714942073, 1.0913103947504172, 0.5902470243066702, 0.6548513867473831, 1.3426323354894292, 0.2546751100343493, 0.9410458156848185, 0.5365153990456691, 0.36885018875293074, 0.5935415419945883, 0.8461066716863405, 0.8755118369605595, 1.0927211444622569, 0.8180744829654808, 0.47568655580028874, 1.0143787121257875, 0.8773702939507119, 0.4603101640040439, 0.8436107050689217, 0.6275108328813447, 0.08017693961866756, 0.9869993551143837, 1.1537103067852654, 0.61560871717015, 1.032338901515444, 0.503478821988439, 0.45392867529253, 0.6257565272051248, 0.4510964420301846, 0.1582859334833051, 0.5744206841932312, 0.9229740938540142, 0.7797254373142336, 0.44210607172972893, 0.6990762451272603, 0.2350019084592072, 1.0903666627048754, 1.0842539305231353, 0.6144515516988295, 0.9102579105007838, 0.0994886560785635, 0.8569660751556871, 0.6987463000936515, 1.0137360539802867, 1.0748723463156917, 1.0986112435319986, 0.8993749195035794, 0.593517183704097, 0.03348303254417517, 1.0437564153660444, 0.8406180409798542, 0.7978740238668798, 0.6783848408195157, 0.6850708649476737, 0.8871397485593618, 0.9765974703345256, 0.8667892055923245, 0.2536706554141658, 0.6349993338482016, 1.0891421201138791], [0.3572768811364523, 0.6466200128618731, 0.7350520545114225, 0.3307854710949092, 0.026516090826461447, 0.6271856171227201, 0.6922631945567597, 1.1301527597003644, 1.2127020382271088, 0.49572888210381416, 0.0, 1.2595293250469017, 0.6520889501621431, 0.5816210862642874, 0.7636695878332488, 0.598741998973334, 0.7833873223286457, 0.6060528519197572, 0.9363920628196932, 0.9835065339536695, 1.60015039755452, 0.8337500654549564, 0.09939778578118263, 0.9505200120093841, 0.8730912908475111, 0.39551176584110614, 1.2726334737534737, 0.363604820237147, 1.4154294555337228, 0.5837260538208531, 0.6204605012332912, 0.7608842800459832, 0.9323164996432808, 0.4331300448944859, 1.4423176329125909, 0.5047679653377337, 0.41757681763210197, 0.6319193601892955, 0.859725482551647, 1.217195351688114, 0.8311082232725375, 1.2626160465287475, 0.6661211683078476, 0.41186250714919437, 1.5139379872677594, 0.2647267608974305, 1.1123514674631487, 0.7078210508239994, 0.7537866915425813, 0.5769130756942552, 1.0174123234646708, 1.0468174887388897, 0.8040640022241524, 0.7020824301845864, 0.3520835930541717, 1.1856843639041177, 0.6385161094148587, 0.6316158157823741, 0.4459409746313887, 0.7856017382612507, 0.4724079907420762, 1.1583050068927139, 1.3250159585635957, 0.7869143689484802, 1.2036445532937743, 0.1805446145982521, 0.6252343270708602, 0.797062178983455, 0.1254057541520286, 0.6540148155871193, 0.7457263359715615, 1.0942797456323445, 0.9510310890925638, 0.42561676227441003, 0.8703818969055905, 0.7307307905630214, 1.2616723144832056, 1.2555595823014656, 0.7857572034771597, 1.081563562279114, 0.4834178617724485, 1.0282717269340174, 0.8700519518719817, 0.87761304904938, 1.246177998094022, 1.2699168953103288, 0.9671361675821282, 0.9316482102562688, 0.513717328905663, 0.5849576454769397, 1.0119236927581845, 0.6873352823478822, 0.8496904925978459, 0.3142367751805203, 1.0584454003376922, 0.9423438422597697, 0.9088824172097822, 0.3119244544505059, 1.1307282159520158, 1.2604477718922094], [0.9022524439104495, 0.6129093121850286, 0.5321280662786967, 0.9287438539519925, 1.2330132342204403, 0.6323437079241816, 0.6632446401575478, 0.1293765653465373, 0.20354952851103403, 1.0882236732685715, 1.2595293250469017, 0.0, 0.9250406192343029, 0.6779082387826143, 0.8426279492013428, 0.6607873260735677, 0.5613961466716725, 0.6534764731271445, 0.3231372622272085, 0.27602279109323224, 0.3406210725076182, 0.6555837647563122, 1.160131539265719, 0.4279562035738457, 0.3864380341993906, 0.8640175592057956, 0.3812541197301239, 1.0524539675599334, 0.18507074844133642, 0.6758032712260487, 0.6390688238136105, 0.6029114923398786, 0.49462819445604655, 0.8263992801524158, 0.18278830786568911, 0.754761359709168, 1.1763393613927318, 0.7949340773265027, 0.3998038424952547, 0.3166579456093105, 0.4284211017743642, 0.24732729532647013, 0.5934081567390541, 0.8476668178977074, 0.25440866222085756, 1.3428987833029207, 0.1968569376129614, 0.5517082742229024, 0.7193734845156408, 0.6826162493526465, 0.3429677115980717, 0.5370092091339489, 0.7630494940486369, 0.5574468948623154, 0.90744573199273, 0.07384496114278394, 0.621013215632043, 0.6279135092645276, 0.813588350415513, 0.47392758678565106, 1.168400612887239, 0.4716530287251016, 0.37428453382247195, 0.4726149560984215, 0.05588477175312745, 1.0789847104486496, 0.6342949979760415, 0.46246714606344674, 1.3849350791989303, 0.991174831712899, 0.5138029890753403, 0.5977272920092528, 0.37427914065150014, 0.8339125627724917, 0.5034717915130258, 1.0188109475846472, 0.07878985954912665, 0.38843486370459857, 0.473772121569742, 0.3150062915546923, 1.187712329347135, 0.23125759811288438, 0.38947737317492004, 0.6840644035666664, 0.41317285829006545, 0.18181725403038584, 0.5697032690899593, 0.7655909785660747, 1.1217067058127466, 0.7140847649524243, 0.5378269138439614, 0.5721940426990195, 0.40983883244905583, 0.9452925498663814, 0.5149669747344255, 0.6469258199209055, 0.5371175551787044, 0.9476048705963959, 0.9646709842618217, 0.31194886474695216], [0.5795181956746469, 0.3121313070492743, 1.0181597847506456, 0.7279311652489918, 0.6783382427387482, 0.2926969113101213, 1.1492763586294967, 0.7956640538877656, 0.8782133324145099, 0.16318305403426858, 0.6520889501621431, 0.9250406192343029, 0.0, 0.6171676228393727, 1.3286596676732918, 0.2642532931607352, 0.4488986165160469, 0.575180032942784, 0.6019033570070944, 0.6490178281410707, 1.2656616917419212, 1.1416154832282612, 0.7053808370214212, 0.6160313061967853, 0.5386025850349123, 0.7032392884009735, 0.938144767940875, 0.28848412992499606, 1.0809407497211239, 0.7631498930898654, 0.4476538393892897, 1.0889432108118275, 0.597827793830682, 1.070676050569158, 1.107828927099992, 1.0321366478028247, 0.25129874215842884, 0.13010654190780024, 0.8203055088254774, 0.8827066458755153, 0.7906387736470827, 0.9281273407161488, 0.7466070923649991, 0.811211454805712, 1.1794492814551605, 0.41785816406861787, 0.7778627616505499, 0.6068319159248128, 0.20566713471866216, 0.7499016100529172, 0.6829236176520719, 0.7123287829262909, 1.249081212520586, 0.9744345510238097, 0.6320466238586177, 0.851195658091519, 1.0337303620090408, 0.3694307373409512, 0.9999707731272506, 0.7838709009396736, 0.24335999365293615, 0.8238163010801152, 0.990527252750997, 0.4524256631358814, 0.8691558474811755, 0.6598388900467679, 0.4160492842038467, 0.538235708168664, 0.6074565100885135, 0.06613421247859608, 0.41123763015896264, 0.7597910398197456, 0.8603108591234492, 0.5984661397880578, 0.5358931910929917, 0.09377032835034427, 0.9271836086706067, 0.9210708764888669, 0.6517302903949733, 0.7470748564665152, 0.2626717101128321, 0.6937830211214185, 0.5355632460593829, 1.1700961220386155, 0.911689292281423, 0.9354281894977299, 1.0557349875619084, 0.4303341296698284, 0.19666608657844376, 1.2001164834243734, 0.6774349869455856, 0.9542340919252087, 0.5152017867852471, 0.8414309330060026, 1.0009986932063746, 1.1329575383928545, 1.0231492736506533, 0.4100307234724947, 0.4786392657898727, 0.9259590660796105], [0.22434420512783515, 0.40449678720127236, 0.40099216191127307, 0.25083561516937825, 0.555104995437826, 0.393457413107865, 0.5321087357901242, 0.548531673436077, 0.6310809519628213, 0.46080755478104374, 0.5816210862642874, 0.6779082387826143, 0.6171676228393727, 0.0, 0.7114920448339191, 0.4105542094516721, 0.6925320510390961, 0.041987589896588684, 0.3547709765554058, 0.40188544768938206, 1.0185293112902325, 0.5244478603888886, 0.4822233004831048, 0.5590921079412693, 0.47754549987280004, 0.1861093204231813, 0.6910123874891864, 0.37454572877731895, 0.8338083692694352, 0.1459822702504927, 0.16951378345008294, 0.471775587972455, 0.6257640988234702, 0.45350842772978517, 0.8606965466483034, 0.4149690249634519, 0.49843112261011746, 0.5969980328665251, 0.2781043962873596, 0.6355742654238267, 0.2494871370082501, 0.6809949602644602, 0.12943946952562646, 0.19404383196633934, 0.9323169010034719, 0.6649905445203065, 0.5307303811988613, 0.12619996455971194, 0.7188653642198108, 0.13273398721354457, 0.47410361596549533, 0.6681451135013725, 0.6319135896812133, 0.35726692818443706, 0.22953749321011574, 0.6040632776398304, 0.41656273916966813, 0.24773688549842143, 0.3828031502878779, 0.20398065199696325, 0.49049237410462476, 0.6027889330925252, 0.7433948722993083, 0.44007299592859617, 0.6220234670294869, 0.40107647166603533, 0.20111833863552597, 0.21544109271916756, 0.707026840416316, 0.6190934882643488, 0.22073689142025732, 0.7288631963766764, 0.3694100028282764, 0.1560043239898774, 0.6346076958804494, 0.695809463240251, 0.6800512282189181, 0.6739384960371783, 0.20413611721287228, 0.49994247601482655, 0.5098040905645207, 0.4466506406697299, 0.28843086560769426, 0.5529284991992428, 0.6645569118297344, 0.6882958090460413, 0.43856736472253566, 0.8967268829334983, 0.4787960015828926, 0.5829488605850007, 0.668962818211385, 0.33706646908583604, 0.26806940633355847, 0.26738431108376715, 0.47682431407340464, 0.5157899155534819, 0.4059816508112808, 0.26969663181378156, 1.0958068886292454, 0.6788266856279219], [0.7491414719986449, 1.1159888320351916, 0.3104998829226461, 0.6007285024243, 0.7371534970067873, 1.104949457941784, 0.17938330904379496, 0.9542340264773858, 0.6390784206903087, 1.1722995996149628, 0.7636695878332488, 0.8426279492013428, 1.3286596676732918, 0.7114920448339191, 0.0, 1.1220462542855913, 1.4040240958730152, 0.7534796347305078, 0.7642796808811927, 1.1121523287032895, 0.875795024498525, 0.18704418444503057, 0.6642718020520662, 1.2705841527751884, 1.1890375447067192, 0.6254203792723183, 1.2238820689314667, 1.0401755377482957, 1.0276986976426792, 0.5655097745834264, 0.8810058282840021, 0.23971645686146414, 1.3372561436573893, 0.33053954293876286, 0.6786480450793421, 0.29652301987046725, 1.0941475351432506, 1.3084900777004442, 0.5083541588478144, 1.1592858948106533, 0.5380208940262091, 1.089955244527813, 0.5820525753082927, 0.5174482128675798, 0.7502683994345105, 0.9412974784085792, 0.6457710115883813, 0.721827751748479, 1.4303574090537299, 0.5787580576203746, 1.1855956607994145, 1.3796371583352918, 0.0795784551527059, 0.3542251166494821, 0.6966130438146741, 0.8013147914034986, 0.294929305664251, 0.9592289303323406, 0.3286888945460412, 0.5447887667336182, 1.148978708253225, 1.3142809779264444, 1.2169124830238147, 1.1515650407625153, 0.8944360527614298, 0.6688207776265239, 0.9126103834694451, 0.7904239595046278, 0.8890753419852774, 1.3305855330982679, 0.9322289362541765, 1.4403552412105955, 0.4683488085498426, 0.730193527885234, 1.3460997407143687, 1.4073015080741702, 0.9214178087504694, 1.2310628129059413, 0.6769293772783185, 1.157634240756035, 1.1599885792835973, 0.6701133034854326, 0.9398827432626917, 0.15856354563467634, 1.2558008074914082, 1.0244452032317286, 0.2729246801113835, 1.6082189277674175, 1.1902880464168117, 0.17871194235630905, 1.3804548630453042, 0.3744255757480831, 0.8778365765179218, 0.4872287346672892, 0.3276609744669172, 0.1957021292804373, 0.30551039402263835, 0.9186289442007971, 1.8072989334631644, 0.5306790844543906], [0.37290478228694635, 0.04787801388853907, 0.8115463713629452, 0.5213177518612913, 0.5722259081468726, 0.02844361814938612, 0.9426629452417963, 0.5314107607270304, 0.6139600392537747, 0.4274363471950038, 0.598741998973334, 0.6607873260735677, 0.2642532931607352, 0.4105542094516721, 1.1220462542855913, 0.0, 0.281977841587424, 0.3685666195550834, 0.35776657340439855, 0.38476453498033547, 1.001408398581186, 0.9350020698405607, 0.4993442131921514, 0.35177801303605005, 0.2743492918741771, 0.49662587501327293, 0.6738914747801398, 0.39166664148636554, 0.8166874565603887, 0.5565364797021648, 0.24104042600158915, 0.8823297974241271, 0.33357450066994676, 0.8640626371814573, 0.8435756339392568, 0.825523234415124, 0.515552035319164, 0.186443823414853, 0.6136920954377768, 0.6184533527147801, 0.5840253602593821, 0.6638740475554136, 0.5399936789772986, 0.6045980414180114, 0.9151959882944253, 0.6821114572293531, 0.5136094684898147, 0.4002185025371122, 0.30831115476813875, 0.5432881966652167, 0.4186703244913367, 0.44807548976555567, 1.0424677991328855, 0.7678211376361092, 0.4254332104709171, 0.5869423649307838, 0.8271169486213402, 0.16281732395325066, 0.79335735973955, 0.577257487551973, 0.5076132868136713, 0.55956300791938, 0.7262739595902618, 0.1881723699751462, 0.6049025543204403, 0.4532254766590673, 0.20943587081614612, 0.3316222947809634, 0.7241477531253626, 0.3303875056393313, 0.18981731803141477, 0.4955377466590104, 0.6536974457357486, 0.3918527264003573, 0.2716398979322565, 0.35802362151107947, 0.6629303155098715, 0.6568175833281317, 0.44511687700727276, 0.48282156330577997, 0.5269250032735673, 0.4519329508001586, 0.2713099528986477, 0.9634827086509149, 0.6474359991206878, 0.6711748963369947, 0.8491215741742077, 0.48617267348182625, 0.46091937973917896, 0.9935030700366728, 0.41318169378485037, 0.7476206785375081, 0.2509484936245119, 0.634817519618302, 0.794385279818674, 0.926344125005154, 0.8165358602629529, 0.28681754452282815, 0.6852526791775733, 0.6617057729188753], [0.6548826238743704, 0.28803526383782374, 1.0935242129503693, 0.8032955934487153, 0.7568712315021843, 0.2990746379312311, 1.2246407868292204, 0.4497900693956295, 0.7649456751827065, 0.6120816705503155, 0.7833873223286457, 0.5613961466716725, 0.4488986165160469, 0.6925320510390961, 1.4040240958730152, 0.281977841587424, 0.0, 0.6505444611425074, 0.6397444149918226, 0.2918717671697256, 0.8167630752258742, 1.2169799114279847, 0.7807452652211446, 0.16713268968073836, 0.21498655116629606, 0.7786037166006969, 0.4892461514248281, 0.5763119648416772, 0.632042133205077, 0.8385143212895888, 0.5230182675890132, 1.1643076390115512, 0.14892917731463506, 1.1460404787688812, 0.7302999138706542, 1.1075010760025479, 0.7001973586744757, 0.31879207460824666, 0.8956699370252008, 0.4338080293594684, 0.8660032018468061, 0.4792287242001019, 0.8219715205647226, 0.8865758830054354, 0.7305506649391136, 0.8667567805846648, 0.7582530842846339, 0.6821963441245362, 0.24323148179738474, 0.8252660382526407, 0.23402500113602498, 0.26343016641024397, 1.3244456407203093, 1.0497989792235332, 0.7074110520583411, 0.6027093044695166, 1.1090947902087642, 0.44479516554067466, 1.0753352013269741, 0.859235329139397, 0.692258610168983, 0.37491768456406827, 0.5416286362349501, 0.25245905511049993, 0.5095880431115855, 0.7352033182464913, 0.4914137124035701, 0.6136001363683874, 0.9087930764806743, 0.515032828994643, 0.4717951596188388, 0.3108924233036987, 0.9356752873231726, 0.6738305679877813, 0.08699457457694482, 0.5426689448663912, 0.48260628712254583, 0.47217225997282, 0.7270947185946968, 0.29817623995046827, 0.711570326628879, 0.7339107923875826, 0.4641413526103235, 1.245460550238339, 0.46279067576537614, 0.486529572981683, 1.1310994157616316, 0.20419483189440224, 0.6455647030944907, 1.2754809116240968, 0.22853637042953867, 1.029598520124932, 0.5261875193550934, 0.916795361205726, 1.076363121406098, 1.208321966592578, 1.098513701850377, 0.48539515167221814, 0.40327483759014926, 0.8733450114186246], [0.24877597078330493, 0.3625091973046837, 0.44297975180786175, 0.27526738082484803, 0.5795367610932958, 0.3514698232112763, 0.5740963256867129, 0.5240999077806072, 0.6066491863073515, 0.434747200141427, 0.6060528519197572, 0.6534764731271445, 0.575180032942784, 0.041987589896588684, 0.7534796347305078, 0.3685666195550834, 0.6505444611425074, 0.0, 0.330339210899936, 0.3774536820339123, 0.9940975456347627, 0.5664354502854773, 0.5066550661385746, 0.5171045180446806, 0.43555790997621135, 0.21054108607865107, 0.6665806218337166, 0.39897749443278874, 0.8093766036139655, 0.1879698601470814, 0.12752619355349426, 0.5137631778690437, 0.5837765089268815, 0.49549601762637385, 0.8362647809928336, 0.4569566148600406, 0.5228628882655872, 0.5550104429699364, 0.25367263063188983, 0.6111424997683569, 0.2250553713527803, 0.6565631946089904, 0.17142705942221514, 0.23603142186292803, 0.9078851353480021, 0.6894223101757763, 0.5062986155433915, 0.10176819890424216, 0.6768777743232222, 0.17472157711013325, 0.43211602606890664, 0.6261575236047838, 0.6739011795778019, 0.39925451808102574, 0.2539692588655855, 0.5796315119843606, 0.4585503290662568, 0.20574929560183275, 0.4247907401844666, 0.20869086799688963, 0.5149241397600945, 0.5608013431959366, 0.7189631066438386, 0.3980854060320075, 0.5975917013740171, 0.4255082373215051, 0.1591307487389373, 0.19100932706369778, 0.7314586060717858, 0.5771058983677602, 0.17874930152366864, 0.6868756064800877, 0.3449782371728066, 0.1804360896453472, 0.5926201059838607, 0.6538218733436623, 0.6556194625634483, 0.6495067303817085, 0.1797043515574025, 0.47551071035935677, 0.5342358562199905, 0.42221887501426014, 0.2639990999522245, 0.5949160890958315, 0.6401251461742646, 0.6638640433905715, 0.48055495461912434, 0.8547392