{"num_vertices": 60, "poses": [[0.3629517035459513, 0.6860758113991922], [0.17855809944133771, 0.33364219563363706], [0.7080701802350623, 0.678511201698321], [0.7375250078337408, 0.251921896853316], [0.19787408251959027, 0.2434234705384304], [0.4320937559325969, 0.6625131900414782], [0.4871355555398259, 0.4807147326862663], [0.17040750962913798, 0.48077056026157483], [0.2454324762783826, 0.832071102373196], [0.507527664143393, 0.7199137810205734], [0.4946828502409035, 0.8425913387353031], [0.1828517257511313, 0.17717001716408587], [0.08035189002909393, 0.0698643844175505], [0.19996542146384622, 0.5736514903067402], [0.1712988482141311, 0.7995961594256994], [0.7178537644397599, 0.0832614189809201], [0.7536047559081654, 0.10245653753400963], [0.16838231531890724, 0.495661945156339], [0.9431831725689983, 0.323167176618943], [0.04397943239237756, 0.8466139267211504], [0.2762355585094668, 0.5461039416329859], [0.06108834470837843, 0.9164877453128182], [0.0314061256815088, 0.2602645278005804], [0.36382297911848593, 0.6004523687305812], [0.6836255259296615, 0.5610054198910907], [0.5560092640313342, 0.5341741566813666], [0.9284868051998543, 0.7663171844563843], [0.9903452187666891, 0.9208809533691011], [0.8549126292610746, 0.5490137753676201], [0.5219874986698054, 0.2617229888989794], [0.0024172759938346777, 0.9455814185672938], [0.5878269602072078, 0.9950738108236064], [0.5138298665765706, 0.08431124354145236], [0.6474360647834605, 0.25293205400884144], [0.4753495759305346, 0.3275056249995555], [0.4372502636887746, 0.784179424013167], [0.7713718254567666, 0.7058696954418613], [0.48089338962276806, 0.8416241804448509], [0.7167753845077978, 0.7297609974545579], [0.9813600467032425, 0.898822179551749], [0.8588969596328607, 0.1301340334310882], [0.6752963664542685, 0.5024062216056763], [0.29873231879325446, 0.023367310432199195], [0.9570660543994433, 0.041322140363934556], [0.8997323956174619, 0.09302872484516411], [0.10292756190824526, 0.5788050741408838], [0.9641742688498336, 0.8269024584292773], [0.41744573806949103, 0.8604635749414179], [0.8729043841279523, 0.7132318799716476], [0.3547093816204864, 0.7254677173027906], [0.30750324084214, 0.05122652370165115], [0.9970334962162275, 0.7728525066001044], [0.5490487043693206, 0.14521514269922486], [0.12320852593081222, 0.9961918099337135], [0.18411233126018722, 0.9509070264707307], [0.1096469796494588, 0.7246076153826364], [0.05747704955802713, 0.7522534692039133], [0.8648455450191563, 0.9143888430624854], [0.24419293836597145, 0.970181894351653], [0.6730631224224163, 0.4163535840071598]], "dists": [[0.0, 0.5368272198701687, 0.35268308638998214, 0.8087272188336656, 0.6077299618871228, 0.09270467374435953, 0.32954493070680047, 0.39784944505443065, 0.26351451824157257, 0.1784139302188229, 0.2882466740310632, 0.6890057720299263, 0.898811240498499, 0.275410603174557, 0.3051732033583274, 0.9577164533120807, 0.9742723262273967, 0.38498325446989723, 0.9431401038032962, 0.479510386475532, 0.22668801480269074, 0.5322752927511989, 0.7573568614630543, 0.08649471824114563, 0.44574421389181174, 0.3449592152032085, 0.6457764747110951, 0.8621986571906468, 0.6290229617466954, 0.5833886176240669, 0.6200400347202183, 0.5338732560856707, 0.7526427308883591, 0.7176281186278599, 0.47096805878422, 0.17240217275679814, 0.42821400595348447, 0.2734900551224755, 0.3975088670172122, 0.8311547113098481, 1.0518870340550133, 0.4960142527018331, 0.7269278857196898, 1.2388680218887496, 1.1298277786255386, 0.3672948788960144, 0.7420492123339675, 0.22888179806576547, 0.5371087491544565, 0.04763422782906335, 0.6902977504013523, 0.7208584878711884, 0.7269576695233366, 0.5498591761496604, 0.4436705873573026, 0.29183652787993675, 0.37165231179264535, 0.7302068731364982, 0.4028648481324407, 0.5798336462684973], [0.5368272198701687, 0.0, 0.8743810868584085, 0.6406872071727241, 0.10953470817345923, 0.5824066508991004, 0.4556499931511174, 0.1552789544401375, 0.5653032835766039, 0.7152411500889916, 0.8250738939012319, 0.16076580477934477, 0.36198402062833035, 0.26141661669561167, 0.47321321501926894, 0.7896764416511391, 0.8062323145664552, 0.1721955336451324, 0.7751000921423546, 0.6475503981364735, 0.31013920506747794, 0.7003153044121404, 0.22052964159288557, 0.4520750527740923, 0.7324306507457774, 0.577983125637726, 1.182603694581264, 1.3990258770608155, 0.8917261095537199, 0.4153486059631254, 0.7880800463811598, 1.0707004759558394, 0.5846027192274176, 0.5495881069669184, 0.3029280471232785, 0.7092293926269668, 0.9650412258236531, 0.8103172749926442, 0.9343360868873809, 1.3679819311800168, 0.8838470223940719, 0.66550229298497, 0.4304491045533546, 1.070828010227808, 0.9617877669645971, 0.3207934160403392, 1.2788764322041362, 0.7657090179359342, 1.073935969024625, 0.5679768038483022, 0.4113608133327882, 1.257685707741357, 0.5589176578623951, 0.7178991878106019, 0.6228190626559431, 0.45987653954087826, 0.5396923234535869, 1.267034093006667, 0.7021745376426497, 0.5772164113546013], [0.35268308638998214, 0.8743810868584085, 0.0, 0.45604413244368347, 0.9452838288753627, 0.29197443595930817, 0.4187310937072911, 0.7354033120426705, 0.6161976046315547, 0.24194509541392162, 0.37746746703114087, 1.0265596390181662, 1.2363651074867388, 0.6129644701627969, 0.6578562897483096, 0.6050333669220985, 0.6215892398374145, 0.7225371214581371, 0.590457017413314, 0.8321934728655141, 0.5642418817909306, 0.884958379141181, 1.094910728451294, 0.4223060340843162, 0.14195043611263114, 0.2963979612206825, 0.30822260772285526, 0.524644790202407, 0.2763398753567132, 0.6028708943645985, 0.9727231211102004, 0.4368058291531398, 0.7884402718153604, 0.4862132631410814, 0.5837261810032932, 0.37648813886113364, 0.09066013896524461, 0.3902897693588241, 0.05995500002897236, 0.4936008443216082, 0.6992039476650312, 0.20887879387343855, 1.0644817527079296, 0.8861849354987674, 0.7771446922355565, 0.7048487458842543, 0.4044953453457276, 0.47257681540866814, 0.19955488216621664, 0.4003173142190455, 1.0278516173895922, 0.3833046208829486, 0.6923175348648378, 0.9025422625396425, 0.7963536737472847, 0.6445196142699189, 0.7243353981826275, 0.3926530061482584, 0.7555479345224229, 0.2971646755038072], [0.8087272188336656, 0.6406872071727241, 0.45604413244368347, 0.0, 0.5481493516290361, 0.7160225450893061, 0.47918228812686514, 0.7959661616128616, 1.0722417370752382, 0.6979892278576051, 0.8335115994748243, 0.6294251617718396, 0.8392306302404123, 0.8592891798233188, 1.113900422191993, 0.18833172126637676, 0.16554510739373107, 0.8128827408178565, 0.27690344450088455, 1.2882376053091975, 0.7554714941039439, 1.3410025115848645, 0.7144615130994963, 0.72223250059252, 0.36298300494185387, 0.4637680036304571, 0.7053570849691818, 0.9217792674487335, 0.4144794999416379, 0.2253386012095987, 1.4287672535538838, 0.8928499615968233, 0.3913057945690338, 0.0910991002058057, 0.3377591600494456, 0.8325322713048171, 0.48779461621157116, 0.8463339018025076, 0.4985887239271849, 0.8907353215679348, 0.24315981522134777, 0.3127129661318325, 0.6673472754616031, 0.43014080305508395, 0.321100559791873, 0.9614806232130633, 0.8016298225920542, 0.9286209478523516, 0.5966893594125432, 0.856361446662729, 0.6307171401432656, 0.7804390981292751, 0.29518305761851127, 1.358586394983326, 1.2523978061909682, 1.1005637467136022, 1.180379530626311, 0.7897874833945849, 1.2115920669661064, 0.2288935725651683], [0.6077299618871228, 0.10953470817345923, 0.9452838288753627, 0.5481493516290361, 0.0, 0.6533093929160545, 0.5265527351680716, 0.26481366261359673, 0.636206025593558, 0.7861438921059457, 0.895976635918186, 0.0812758101428035, 0.2910812786113762, 0.3323193587125658, 0.5827479231927282, 0.6801417334776799, 0.6966976063929959, 0.28173024181859163, 0.8250527961299207, 0.7570851063099328, 0.38104194708443206, 0.8098500125855996, 0.18330901410023148, 0.5229777947910464, 0.8033333927627315, 0.6488858676546801, 1.2535064365982178, 1.4699286190777696, 0.962628851570674, 0.34241293451076416, 0.897614754554619, 1.1416032179727935, 0.47506801105395835, 0.4590705657342813, 0.36155764787206945, 0.780132134643921, 1.0359439678406073, 0.8812200170095983, 1.005238828904335, 1.4388846731969709, 0.7743123142206126, 0.7364050350019241, 0.3209143963798954, 0.9612933020543488, 0.8522530587911379, 0.4303281242137984, 1.3497791742210903, 0.8366117599528883, 1.1448387110415794, 0.6388795458652563, 0.30182610515932895, 1.3285884497583114, 0.4493829496889359, 0.8274338959840611, 0.7212453071917033, 0.5694112477143375, 0.6492270316270461, 1.337936835023621, 0.7730772796596038, 0.6481191533715555], [0.09270467374435953, 0.5824066508991004, 0.29197443595930817, 0.7160225450893061, 0.6533093929160545, 0.0, 0.23684025696244093, 0.44342887608336234, 0.3562191919859321, 0.1328344991898912, 0.2426672430021315, 0.734585203058858, 0.9443906715274307, 0.3209900342034887, 0.39787787710268696, 0.8650117795677211, 0.8815676524830371, 0.4305626854988289, 0.8504354300589366, 0.5722150602198915, 0.27226744583162243, 0.6249799664955584, 0.802936292491986, 0.13033159812500805, 0.3530395401474522, 0.25225454145884896, 0.6001970436821634, 0.8166192261617151, 0.5363182880023358, 0.4906839438797074, 0.7127447084645778, 0.488293825056739, 0.6599380571439996, 0.6249234448835004, 0.37826338503986046, 0.12682274172786645, 0.3826345749245528, 0.2279106240935438, 0.3519294359882805, 0.7855752802809164, 0.9591823603106538, 0.40330957895747355, 0.7725073167486215, 1.14616334814439, 1.037123104881179, 0.4128743099249461, 0.6964697813050358, 0.21259840276304554, 0.4915293181255248, 0.14033890157342288, 0.735877181430284, 0.6752790568422568, 0.6342529957789771, 0.6425638498940199, 0.5363752611016621, 0.3845412016242963, 0.4643569855370049, 0.6846274421075665, 0.49556952187680026, 0.4871289725241378], [0.32954493070680047, 0.4556499931511174, 0.4187310937072911, 0.47918228812686514, 0.5265527351680716, 0.23684025696244093, 0.0, 0.31678387348599646, 0.593059448948373, 0.25959115693787416, 0.36942390075011444, 0.607828545310875, 0.8176340137794478, 0.3801068916964536, 0.6347181340651279, 0.6281715226052802, 0.6447273955205962, 0.33370045269099136, 0.6135951730964957, 0.8090553171823325, 0.27628920597707873, 0.8618202234579994, 0.676179634744003, 0.24305021246565484, 0.27678065759466, 0.1223331324866086, 0.7269537014301464, 0.9433758839096981, 0.43607611640260246, 0.25384368691726644, 0.9495849654270188, 0.615050482804722, 0.4230978001815586, 0.38808318792105945, 0.1649950872960021, 0.35334998317795197, 0.5093912326725357, 0.3671516136756424, 0.4786860937362635, 0.9123319380288993, 0.7223421033482129, 0.20985229983385256, 0.6457506590006385, 0.9093230911819491, 0.8002828479187382, 0.4822983350861981, 0.8232264390530187, 0.44943865972548647, 0.6182859758735078, 0.3771791585358638, 0.6091205236823011, 0.8020357145902397, 0.39741273881653616, 0.8794041068564609, 0.773215518064103, 0.6213814585867372, 0.7011972424994458, 0.8113840998555495, 0.7324097788392412, 0.25028871556169685], [0.39784944505443065, 0.1552789544401375, 0.7354033120426705, 0.7959661616128616, 0.26481366261359673, 0.44342887608336234, 0.31678387348599646, 0.0, 0.42632550876086583, 0.5762633752732536, 0.6860961190854938, 0.3160447592194823, 0.5009617954440684, 0.12243884187987364, 0.3197169377491177, 0.9449553960912767, 0.9615112690065927, 0.016916579204994897, 0.9303790465824922, 0.492271443696336, 0.1711614302517399, 0.5450363499720029, 0.3595074164086236, 0.3130972779583543, 0.5934528759300394, 0.439005350821988, 1.0436259197655258, 1.2600481022450776, 0.7527483347379819, 0.5706275604032629, 0.6328010919410223, 0.9317227011401014, 0.7398816736675551, 0.7048670614070559, 0.458207001563416, 0.5702516178112288, 0.8260634510079151, 0.6713395001769061, 0.7953583120716429, 1.2290041563642786, 1.0391259768342094, 0.526524518169232, 0.5857280589934921, 1.2261069646679457, 1.1170667214047345, 0.16551446160020167, 1.139898657388398, 0.6267312431201961, 0.9349581942088872, 0.42899902903256415, 0.5666397677729257, 1.118707932925619, 0.7141966123025326, 0.5626202333704644, 0.4838412878402051, 0.30459758510074075, 0.38441336901344936, 1.1280563181909289, 0.5631967628269117, 0.5670725890476933], [0.26351451824157257, 0.5653032835766039, 0.6161976046315547, 1.0722417370752382, 0.636206025593558, 0.3562191919859321, 0.593059448948373, 0.42632550876086583, 0.0, 0.3742525092176331, 0.259770610324628, 0.7174818357363615, 0.9272873042049342, 0.3038866668809922, 0.10660857101174814, 1.2212309715536533, 1.2377868444689692, 0.4134593181763324, 1.2066546220448688, 0.21599586823395944, 0.3167702429712943, 0.2687607745096263, 0.7858329251694894, 0.3500092364827182, 0.7092587321333843, 0.6084737334447811, 0.7488082468382834, 0.8337225934842116, 0.8925374799882679, 0.8469031358656395, 0.3565255164786457, 0.5053971923792355, 1.0161572491299316, 0.9811426368694325, 0.7344825770257926, 0.23970946577042107, 0.6521407561097188, 0.2450139914160403, 0.5736530131480533, 0.8026786476034129, 1.3154015522965858, 0.7595287709434057, 0.8620036344558687, 1.5023825401303221, 1.3933422968671112, 0.3957709426024496, 0.7239104365153697, 0.2004057343593303, 0.7463111302511182, 0.21588029041250922, 0.8429153432353023, 0.8108196157109365, 0.9904721877649092, 0.28634465790808783, 0.18015606911573, 0.24324898361948344, 0.2677730598896382, 0.701730809430063, 0.13935032989086815, 0.8433481645100699], [0.1784139302188229, 0.7152411500889916, 0.24194509541392162, 0.6979892278576051, 0.7861438921059457, 0.1328344991898912, 0.25959115693787416, 0.5762633752732536, 0.3742525092176331, 0.0, 0.13552237161721925, 0.8674197022487492, 1.077225170717322, 0.4538245333933799, 0.41591119433438795, 0.8469784623360201, 0.8635343352513362, 0.5633971846887201, 0.8324021128272356, 0.5902483774515925, 0.40510194502151364, 0.6430132837272594, 0.9357707916818772, 0.26316609731489926, 0.3350062229157512, 0.23422122422714797, 0.4673625444922722, 0.6837847269718239, 0.5182849707706348, 0.4726506266480064, 0.7307780256962788, 0.3554593258668478, 0.6419047399122986, 0.6068901276517994, 0.42458624423387625, 0.13454304344721202, 0.2778882468920857, 0.14834467394490247, 0.21909493679838932, 0.6527407810910252, 0.9411490430789529, 0.38527626172577256, 0.9053418159385127, 1.128130030912689, 1.0190897876494782, 0.5457088091148373, 0.5636352821151446, 0.23063171999474652, 0.3720586210334851, 0.15837221880512387, 0.8687116806201752, 0.5424445576523655, 0.6162196785472761, 0.6605971671257209, 0.5544085783333631, 0.40257451885599727, 0.48239030276870587, 0.5517929429176753, 0.5136028391085012, 0.4690956552924368], [0.2882466740310632, 0.8250738939012319, 0.37746746703114087, 0.8335115994748243, 0.895976635918186, 0.2426672430021315, 0.36942390075011444, 0.6860961190854938, 0.259770610324628, 0.13552237161721925, 0.0, 0.9772524460609895, 1.187057914529562, 0.5636572772056202, 0.36637918133637615, 0.9825008339532394, 0.9990567068685554, 0.6732299285009604, 0.9679244844444549, 0.4547260058343733, 0.5149346888337539, 0.5074909121100402, 1.0456035354941173, 0.37299884112713955, 0.47052859453297047, 0.3697435958443672, 0.5100781092378696, 0.5739519831595836, 0.6538073423878541, 0.6081729982652256, 0.5952556540790596, 0.24562658205460752, 0.7774271115295178, 0.7424124992690186, 0.5344189880461165, 0.11584450127426504, 0.41341061850930494, 0.014756618908587704, 0.33492287554763944, 0.5429080372787849, 1.0766714146961722, 0.5207986333429918, 1.0151745597507529, 1.2636524025299083, 1.1546121592666974, 0.6555415529270776, 0.48518029891495584, 0.09510934837752727, 0.5075809926507043, 0.2570970900529297, 0.9785444244324155, 0.5720894781105227, 0.7517420501644954, 0.5250747955085017, 0.41888620671614385, 0.5030195939441114, 0.5275436702142662, 0.44196019910543505, 0.378080467491282, 0.604618026909656], [0.6890057720299263, 0.16076580477934477, 1.0265596390181662, 0.6294251617718396, 0.0812758101428035, 0.734585203058858, 0.607828545310875, 0.3160447592194823, 0.7174818357363615, 0.8674197022487492, 0.9772524460609895, 0.0, 0.20980546846857273, 0.4135951688553693, 0.6339790197986137, 0.6289106368717944, 0.6454665097871104, 0.33296133842447717, 0.9063286062727242, 0.8083162029158183, 0.46231775722723556, 0.8610811091914852, 0.23454011070611702, 0.6042536049338499, 0.884609202905535, 0.7301616777974836, 1.3347822467410215, 1.5512044292205731, 1.0439046617134775, 0.42368874465356765, 0.9488458511605046, 1.222879028115597, 0.4238369144480728, 0.5403463758770848, 0.44283345801487295, 0.8614079447867244, 1.1172197779834108, 0.9624958271524018, 1.0865146390471385, 1.5201604833397744, 0.7230812176147271, 0.8176808451447276, 0.26968329977400984, 0.9100622054484633, 0.8010219621852523, 0.48155922081968394, 1.4310549843638938, 0.9178875700956918, 1.2261145211843827, 0.7201553560080598, 0.2505950085534434, 1.4098642599011146, 0.39815185308305034, 0.8786649925899467, 0.7749976148157007, 0.620642344320223, 0.7004581282329316, 1.4192126451664246, 0.8543530898024073, 0.729394963514359], [0.898811240498499, 0.36198402062833035, 1.2363651074867388, 0.8392306302404123, 0.2910812786113762, 0.9443906715274307, 0.8176340137794478, 0.5009617954440684, 0.9272873042049342, 1.077225170717322, 1.187057914529562, 0.20980546846857273, 0.0, 0.623400637323942, 0.8206787331931861, 0.6508989089740356, 0.7058450189955306, 0.5138279860286018, 1.1161340747412969, 0.8131219999403163, 0.6721232256958083, 0.8658869062159832, 0.23934590773061504, 0.8140590734024227, 1.0944146713741079, 0.9399671462660564, 1.5445877152095941, 1.7610098976891457, 1.2537101301820504, 0.6334942131221404, 0.9536516481850026, 1.4326844965841699, 0.44792483567137853, 0.7501518443456575, 0.6526389264834457, 1.0712134132552973, 1.3270252464519836, 1.1723012956209744, 1.2963201075157111, 1.7299659518083472, 0.8388147186173045, 1.0274863136133003, 0.26487750274951183, 0.9052564084239653, 0.8425448460159816, 0.5315163616024846, 1.6408604528324666, 1.1276930385642645, 1.4359199896529555, 0.9299608244766325, 0.2457892115289454, 1.6196697283696875, 0.5440475726219011, 0.9691840614178813, 0.9848030832842735, 0.6840383205854508, 0.7052639252574296, 1.6290181136349973, 1.06415855827098, 0.9392004319829317], [0.275410603174557, 0.26141661669561167, 0.6129644701627969, 0.8592891798233188, 0.3323193587125658, 0.3209900342034887, 0.3801068916964536, 0.12243884187987364, 0.3038866668809922, 0.4538245333933799, 0.5636572772056202, 0.4135951688553693, 0.623400637323942, 0.0, 0.2546112423686743, 1.0082784143017338, 1.02483428721705, 0.10957265129534022, 0.9937020647929493, 0.42894842548587886, 0.10381768571937489, 0.48171333176154574, 0.48194625828849724, 0.19065843607848065, 0.4963061748814649, 0.39552117619286165, 0.9211870778856521, 1.137609260365204, 0.6795849227363485, 0.6339505786137201, 0.5694780737305651, 0.8092838592602277, 0.8032046918780122, 0.7681900796175131, 0.5215300197738731, 0.44781277593135516, 0.7036246091280415, 0.5489006582970325, 0.6729194701917692, 1.106565314484405, 1.1024489950446665, 0.5465762136914862, 0.6490510772039493, 1.2894299828784028, 1.1803897396151917, 0.10219144338974451, 1.0174598155085244, 0.5042924012403225, 0.8125193523290135, 0.3065601871526905, 0.6299627859833828, 0.9962690910457455, 0.7775196305129898, 0.49929721516000725, 0.3931086263676494, 0.2412745668902836, 0.3210903508029922, 1.0056174763110552, 0.44075792094703803, 0.6303956072581505], [0.3051732033583274, 0.47321321501926894, 0.6578562897483096, 1.113900422191993, 0.5827479231927282, 0.39787787710268696, 0.6347181340651279, 0.3197169377491177, 0.10660857101174814, 0.41591119433438795, 0.36637918133637615, 0.6339790197986137, 0.8206787331931861, 0.2546112423686743, 0.0, 1.2628896566704082, 1.279445529585724, 0.30685074716458427, 1.2483133071616237, 0.17433718311720459, 0.35842892808804916, 0.22710208939287146, 0.6792243541577413, 0.39166792159947306, 0.7509174172501392, 0.6501324185615359, 0.7904669319550383, 0.9403311644959598, 0.9341961651050228, 0.8885618209823943, 0.31486683136189086, 0.6120057633909837, 1.0578159342466864, 1.0228013219861873, 0.7761412621425474, 0.2813681508871759, 0.6937994412264736, 0.35162256242778844, 0.6153116982648081, 0.909287218615161, 1.3570602374133407, 0.8011874560601605, 0.9036623195726236, 1.544041225247077, 1.435000981983866, 0.28916237159070146, 0.8201817196392804, 0.30701430537107843, 0.787969815367873, 0.2575389755292641, 0.8845740283520571, 0.8524783008276914, 1.032130872881664, 0.24468597279133297, 0.1641243500910874, 0.1366404126077353, 0.16116448887789003, 0.8083393804418112, 0.24347982507779398, 0.8850068496268247], [0.9577164533120807, 0.7896764416511391, 0.6050333669220985, 0.18833172126637676, 0.6801417334776799, 0.8650117795677211, 0.6281715226052802, 0.9449553960912767, 1.2212309715536533, 0.8469784623360201, 0.9825008339532394, 0.6289106368717944, 0.6508989089740356, 1.0082784143017338, 1.2628896566704082, 0.0, 0.054946110021495076, 0.9618719752962716, 0.4652351657672613, 1.4372268397876127, 0.9044607285823589, 1.4899917460632794, 0.8634507475779114, 0.871221735070935, 0.5119722394202689, 0.6127572381088722, 0.8936888062355586, 1.1101109887151104, 0.6028112212080147, 0.37432783568801375, 1.577756488032299, 1.0418391960752382, 0.20507372242372157, 0.24008833468422075, 0.4867483945278607, 0.9815215057832322, 0.6761263374779479, 0.9953231362809226, 0.6475779584056, 1.0790670428343114, 0.18791580964326893, 0.4617022006102476, 0.47901555419522635, 0.2811515685766689, 0.191645937041946, 1.1104698576914784, 0.9899615438584309, 1.0776101823307667, 0.78502108067892, 1.005350681141144, 0.44238541887688887, 0.9687708193956519, 0.23075878378874404, 1.507575629461741, 1.4013870406693831, 1.2495529811920174, 1.329368765104726, 0.9781192046609617, 1.3605813014445214, 0.37788280704358335], [0.9742723262273967, 0.8062323145664552, 0.6215892398374145, 0.16554510739373107, 0.6966976063929959, 0.8815676524830371, 0.6447273955205962, 0.9615112690065927, 1.2377868444689692, 0.8635343352513362, 0.9990567068685554, 0.6454665097871104, 0.7058450189955306, 1.02483428721705, 1.279445529585724, 0.054946110021495076, 0.0, 0.9784278482115876, 0.41028905574576624, 1.4537827127029286, 0.921016601497675, 1.5065476189785956, 0.8800066204932274, 0.887777607986251, 0.5285281123355849, 0.6293131110241882, 0.8387426962140635, 1.0551648786936152, 0.5478651111865196, 0.39088370860332977, 1.5943123609476149, 1.0583950689905544, 0.2579201833241521, 0.25664420759953677, 0.5033042674431767, 0.9980773786985482, 0.6211802274564528, 1.0118790091962386, 0.664133831320916, 1.0241209328128165, 0.13296969962177385, 0.4782580735255636, 0.5339616642167214, 0.2645956956613529, 0.15555545239814195, 1.1270257306067943, 0.9350154338369359, 1.0941660552460828, 0.7300749706574249, 1.02190655405646, 0.49733152889838395, 0.9138247093741568, 0.24731465670406005, 1.524131502377057, 1.4179429135846993, 1.2661088541073333, 1.345924638020042, 0.9231730946394666, 1.3771371743598375, 0.39443867995889936], [0.38498325446989723, 0.1721955336451324, 0.7225371214581371, 0.8128827408178565, 0.28173024181859163, 0.4305626854988289, 0.33370045269099136, 0.016916579204994897, 0.4134593181763324, 0.5633971846887201, 0.6732299285009604, 0.33296133842447717, 0.5138279860286018, 0.10957265129534022, 0.30685074716458427, 0.9618719752962716, 0.9784278482115876, 0.0, 0.947295625787487, 0.4753548644913411, 0.1582952396672065, 0.528119770767008, 0.372373606993157, 0.30023108737382087, 0.580586685345506, 0.4261391602374546, 1.0307597291809922, 1.247181911660544, 0.7398821441534484, 0.5875441396082578, 0.6158845127360274, 0.9188565105555679, 0.75679825287255, 0.7217836406120508, 0.4751235807684109, 0.5573854272266954, 0.8131972604233817, 0.6584733095923727, 0.7824921214871094, 1.2161379657797453, 1.0560425560392042, 0.5136583275846985, 0.602644638198487, 1.2430235438729405, 1.1339833006097295, 0.14859788239520677, 1.1270324668038647, 0.6138650525356627, 0.9220920036243537, 0.41613283844803073, 0.5835563469779206, 1.1058417423410858, 0.7311131915075275, 0.5457036541654695, 0.47097509725567166, 0.28768100589574586, 0.36749678980845446, 1.1151901276063954, 0.5503305722423782, 0.5839891682526882], [0.9431401038032962, 0.7751000921423546, 0.590457017413314, 0.27690344450088455, 0.8250527961299207, 0.8504354300589366, 0.6135951730964957, 0.9303790465824922, 1.2066546220448688, 0.8324021128272356, 0.9679244844444549, 0.9063286062727242, 1.1161340747412969, 0.9937020647929493, 1.2483133071616237, 0.4652351657672613, 0.41028905574576624, 0.947295625787487, 0.0, 1.4226504902788282, 0.8898843790735744, 1.475415396554495, 0.9746796957058521, 0.8566453855621505, 0.4973958899114844, 0.5981808886000877, 0.45784637520658533, 0.644875822947849, 0.3141171420566008, 0.4826398616191565, 1.5631801385235145, 1.0272628465664537, 0.6682092390699184, 0.3659822303956394, 0.47217204501907617, 0.9669451562744477, 0.55451386593515, 0.9807467867721381, 0.6330016088968154, 0.6138318770670502, 0.2773193561239924, 0.4471258511014631, 0.9442507199624877, 0.2957279180854534, 0.2735892287253153, 1.095893508182694, 0.5247263780911696, 1.0630338328219822, 0.46034349179375056, 0.9907743316323595, 0.9076205846441502, 0.5035356536283906, 0.5720865021193958, 1.4929992799529566, 1.3868106911605986, 1.234976631683233, 1.3147924155959414, 0.6695592939933843, 1.3460049519357369, 0.36330645753479884], [0.479510386475532, 0.6475503981364735, 0.8321934728655141, 1.2882376053091975, 0.7570851063099328, 0.5722150602198915, 0.8090553171823325, 0.492271443696336, 0.21599586823395944, 0.5902483774515925, 0.4547260058343733, 0.8083162029158183, 0.8131219999403163, 0.42894842548587886, 0.17433718311720459, 1.4372268397876127, 1.4537827127029286, 0.4753548644913411, 1.4226504902788282, 0.0, 0.5327661112052537, 0.08698273090766862, 0.5989227056314388, 0.5660051047166776, 0.9252546003673437, 0.8244696016787405, 0.9648041150722428, 1.0206328130222624, 1.1085333482222275, 1.062899004099599, 0.14052964824468628, 0.6923074119172862, 1.232153117363891, 1.1971385051033918, 0.950478445259752, 0.4557053340043805, 0.8681366243436782, 0.44190370350669006, 0.7896488813820127, 0.9895888671414635, 1.5313974205305454, 0.9755246391773651, 1.0779995026898281, 1.7183784083642815, 1.6093381651010708, 0.32675698209613435, 0.9399063047493291, 0.38731595389738094, 0.9623069984850776, 0.43187615864646867, 1.0589112114692618, 1.026815483944896, 1.2064680559988687, 0.2288069767509977, 0.2444259986173899, 0.18767385859559527, 0.10785807468288666, 0.8886410289681137, 0.3237814736040965, 1.0593440327440293], [0.22668801480269074, 0.31013920506747794, 0.5642418817909306, 0.7554714941039439, 0.38104194708443206, 0.27226744583162243, 0.27628920597707873, 0.1711614302517399, 0.3167702429712943, 0.40510194502151364, 0.5149346888337539, 0.46231775722723556, 0.6721232256958083, 0.10381768571937489, 0.35842892808804916, 0.9044607285823589, 0.921016601497675, 0.1582952396672065, 0.8898843790735744, 0.5327661112052537, 0.0, 0.5855310174809206, 0.5306688466603635, 0.14193584770661438, 0.42229144567829946, 0.29170349047348676, 0.8724644895137859, 1.0888866719933374, 0.581586904486242, 0.5301328928943452, 0.67329575944994, 0.7605612708883615, 0.6993870061586374, 0.6643723938981382, 0.41771233405449826, 0.3990901875594889, 0.6549020207561752, 0.5001780699251662, 0.624196881819903, 1.057842726112539, 0.9986313093252916, 0.44275852797211135, 0.5452333914845744, 1.185612297159028, 1.0765720538958168, 0.2060091291091194, 0.9687372271366582, 0.4555698128684562, 0.7637967639571472, 0.25783759878082424, 0.526145100264008, 0.9475465026738792, 0.6737019447936149, 0.6031149008793821, 0.4969263120870243, 0.3450922526096585, 0.4249080365223671, 0.956894887939189, 0.45612057286216245, 0.5265779215387756], [0.5322752927511989, 0.7003153044121404, 0.884958379141181, 1.3410025115848645, 0.8098500125855996, 0.6249799664955584, 0.8618202234579994, 0.5450363499720029, 0.2687607745096263, 0.6430132837272594, 0.5074909121100402, 0.8610811091914852, 0.8658869062159832, 0.48171333176154574, 0.22710208939287146, 1.4899917460632794, 1.5065476189785956, 0.528119770767008, 1.475415396554495, 0.08698273090766862, 0.5855310174809206, 0.0, 0.6859054365391074, 0.6187700109923445, 0.9780195066430106, 0.8772345079544074, 1.0175690213479096, 0.9336500821145937, 1.1612982544978943, 1.115663910375266, 0.0877647419690194, 0.6053246810096176, 1.284918023639558, 1.2499034113790588, 1.0032433515354189, 0.5084702402800474, 0.9209015306193451, 0.49466860978235694, 0.8424137876576796, 0.9379372677559332, 1.5841623268062124, 1.028289545453032, 1.130764408965495, 1.7711433146399485, 1.6621030713767375, 0.37952188837180123, 0.992671211024996, 0.4123815637325129, 1.0150719047607444, 0.48464106492213554, 1.1116761177449286, 1.079580390220563, 1.2592329622745355, 0.1418242458433291, 0.15744326770972128, 0.24043876487126215, 0.16784557125925614, 0.8058561025611107, 0.23679874269642787, 1.1121089390196963], [0.7573568614630543, 0.22052964159288557, 1.094910728451294, 0.7144615130994963, 0.18330901410023148, 0.802936292491986, 0.676179634744003, 0.3595074164086236, 0.7858329251694894, 0.9357707916818772, 1.0456035354941173, 0.23454011070611702, 0.23934590773061504, 0.48194625828849724, 0.6792243541577413, 0.8634507475779114, 0.8800066204932274, 0.372373606993157, 0.9746796957058521, 0.5989227056314388, 0.5306688466603635, 0.6859054365391074, 0.0, 0.6726046943669779, 0.952960292338663, 0.7985127672306116, 1.4031333361741494, 1.619555518653701, 1.1122557511466056, 0.4920398340866956, 0.7143057404543875, 1.291230117548725, 0.6583770251541898, 0.6233624128936907, 0.5111845474480009, 0.9297590342198524, 1.1855708674165388, 1.0308469165855296, 1.1548657284802664, 1.5885115727729024, 0.9576213283208441, 0.8860319345778556, 0.5042234104801269, 1.1446023161545802, 1.0355620728913695, 0.39006198256703983, 1.4994060737970218, 0.9862386595288197, 1.2944656106175108, 0.7885064454411878, 0.48513511925956043, 1.4782153493342427, 0.6326919637891674, 0.8277296823824365, 0.8433487042488287, 0.542583941550006, 0.5180598652798513, 1.4875637345995525, 0.9227041792355353, 0.7977460529474869], [0.08649471824114563, 0.4520750527740923, 0.4223060340843162, 0.72223250059252, 0.5229777947910464, 0.13033159812500805, 0.24305021246565484, 0.3130972779583543, 0.3500092364827182, 0.26316609731489926, 0.37299884112713955, 0.6042536049338499, 0.8140590734024227, 0.19065843607848065, 0.39166792159947306, 0.871221735070935, 0.887777607986251, 0.30023108737382087, 0.8566453855621505, 0.5660051047166776, 0.14193584770661438, 0.6187700109923445, 0.6726046943669779, 0.0, 0.3592494956506661, 0.25846449696206286, 0.7305286418071715, 0.9469508242867232, 0.5425282435055497, 0.4968938993829213, 0.7065347529613639, 0.6186254231817471, 0.6661480126472135, 0.6311334003867143, 0.38447334054307436, 0.2571543398528745, 0.5129661730495608, 0.35824222221855184, 0.4822610341132886, 0.9159068784059244, 0.9653923158138678, 0.40951953446068745, 0.6421757186236134, 1.1523733036476038, 1.043333060384393, 0.28254271179993806, 0.8268013794300438, 0.31363396516184183, 0.6218609162505329, 0.13412894607020898, 0.605545583305276, 0.8056106549672648, 0.640462951282191, 0.636353894390806, 0.5301653055984482, 0.3783312461210824, 0.458147030033791, 0.8149590402325746, 0.48935956637358635, 0.4933389280273517], [0.44574421389181174, 0.7324306507457774, 0.14195043611263114, 0.36298300494185387, 0.8033333927627315, 0.3530395401474522, 0.27678065759466, 0.5934528759300394, 0.7092587321333843, 0.3350062229157512, 0.47052859453297047, 0.884609202905535, 1.0944146713741079, 0.4963061748814649, 0.7509174172501392, 0.5119722394202689, 0.5285281123355849, 0.580586685345506, 0.4973958899114844, 0.9252546003673437, 0.42229144567829946, 0.9780195066430106, 0.952960292338663, 0.3592494956506661, 0.0, 0.15444752510805138, 0.4501730438354864, 0.6665952263150381, 0.18327874785488363, 0.46092045825196737, 1.06578424861203, 0.5298669566549694, 0.6464898357027292, 0.34426282702845024, 0.44177574489066207, 0.46954926636296324, 0.23261057507787575, 0.4833508968606537, 0.2019054361416035, 0.6355512804342394, 0.6061428201632016, 0.06692835776080741, 0.9225313165952985, 0.7931238079969378, 0.6840835647337269, 0.5984976182712094, 0.5464457814583588, 0.5656379429104977, 0.3415053182788478, 0.4933784417208751, 0.885901181276961, 0.5252550569955797, 0.5503670987522067, 0.9956033900414721, 0.8894148012491143, 0.7375807417717485, 0.8173965256844571, 0.5346034422608895, 0.8486090620242525, 0.15521423939117607], [0.3449592152032085, 0.577983125637726, 0.2963979612206825, 0.4637680036304571, 0.6488858676546801, 0.25225454145884896, 0.1223331324866086, 0.439005350821988, 0.6084737334447811, 0.23422122422714797, 0.3697435958443672, 0.7301616777974836, 0.9399671462660564, 0.39552117619286165, 0.6501324185615359, 0.6127572381088722, 0.6293131110241882, 0.4261391602374546, 0.5981808886000877, 0.8244696016787405, 0.29170349047348676, 0.8772345079544074, 0.7985127672306116, 0.25846449696206286, 0.15444752510805138, 0.0, 0.6046205689435378, 0.8210427514230895, 0.31374298391599387, 0.306472933143916, 0.9649992499234268, 0.49271735031811337, 0.49204231059467785, 0.3726689034246514, 0.2873282197826107, 0.36876426767436, 0.3870581001859271, 0.38256589817205044, 0.3563529612496549, 0.7899988055422907, 0.7069278188518049, 0.1510550374986246, 0.7680837914872471, 0.8939088066855411, 0.7848685634223301, 0.49771261958260615, 0.7008933065664101, 0.4648529442218945, 0.49595284338689916, 0.39259344303227184, 0.7314536561689097, 0.6797025821036311, 0.3959195736441553, 0.8948183913528689, 0.7886298025605111, 0.6367957430831452, 0.7166115269958538, 0.6890509673689409, 0.7478240633356492, 0.23487443106528882], [0.6457764747110951, 1.182603694581264, 0.30822260772285526, 0.7053570849691818, 1.2535064365982178, 0.6001970436821634, 0.7269537014301464, 1.0436259197655258, 0.7488082468382834, 0.4673625444922722, 0.5100781092378696, 1.3347822467410215, 1.5445877152095941, 0.9211870778856521, 0.7904669319550383, 0.8936888062355586, 0.8387426962140635, 1.0307597291809922, 0.45784637520658533, 0.9648041150722428, 0.8724644895137859, 1.0175690213479096, 1.4031333361741494, 0.7305286418071715, 0.4501730438354864, 0.6046205689435378, 0.0, 0.2164221824795517, 0.2908775850275439, 0.9110935020874538, 1.1053337633169291, 0.5694164713598685, 1.0966628795382156, 0.7944358708639366, 0.8919487887261485, 0.5090987810678623, 0.21756246875761065, 0.5229004115655528, 0.2482676076938829, 0.18537823659875297, 0.7057729965922896, 0.5171014015962938, 1.372704360430785, 0.7535742932920387, 0.7020428691936126, 1.0130713536071094, 0.09627273762287236, 0.6051874576153968, 0.10866772555663862, 0.6146268907329616, 1.3360742251124473, 0.07508201316009333, 1.0005401425876932, 1.0351529047463712, 0.9289643159540134, 0.8605493946241434, 0.8850734708942981, 0.211712918786799, 0.8881585767291515, 0.6053872832266625], [0.8621986571906468, 1.3990258770608155, 0.524644790202407, 0.9217792674487335, 1.4699286190777696, 0.8166192261617151, 0.9433758839096981, 1.2600481022450776, 0.8337225934842116, 0.6837847269718239, 0.5739519831595836, 1.5512044292205731, 1.7610098976891457, 1.137609260365204, 0.9403311644959598, 1.1101109887151104, 1.0551648786936152, 1.247181911660544, 0.644875822947849, 1.0206328130222624, 1.0888866719933374, 0.9336500821145937, 1.619555518653701, 0.9469508242867232, 0.6665952263150381, 0.8210427514230895, 0.2164221824795517, 0.0, 0.5072997675070956, 1.1275156845670056, 1.012628407971047, 0.4767111160139865, 1.3130850620177674, 1.0108580533434883, 1.1083709712057002, 0.6897964844338487, 0.43398465123716234, 0.5887086020681713, 0.4646897901734346, 0.03104394588079873, 0.9221951790718413, 0.7335235840758455, 1.5891265429103365, 0.9128379773724125, 0.9184650516731643, 1.2294935360866612, 0.12014944485667933, 0.6333168591248813, 0.3250899080361903, 0.8310490732125133, 1.5524964075919991, 0.1547167242185351, 1.2169623250672448, 0.9424475494004892, 0.8362589606081314, 1.076971577103695, 1.1014956533738498, 0.13199178405414858, 0.7954532213832696, 0.8218094657062142], [0.6290229617466954, 0.8917261095537199, 0.2763398753567132, 0.4144794999416379, 0.962628851570674, 0.5363182880023358, 0.43607611640260246, 0.7527483347379819, 0.8925374799882679, 0.5182849707706348, 0.6538073423878541, 1.0439046617134775, 1.2537101301820504, 0.6795849227363485, 0.9341961651050228, 0.6028112212080147, 0.5478651111865196, 0.7398821441534484, 0.3141171420566008, 1.1085333482222275, 0.581586904486242, 1.1612982544978943, 1.1122557511466056, 0.5425282435055497, 0.18327874785488363, 0.31374298391599387, 0.2908775850275439, 0.5072997675070956, 0.0, 0.6202159170599099, 1.2490629964669138, 0.713145704509853, 0.8057852945106717, 0.5035582858363927, 0.6010712036986046, 0.6528280142178469, 0.24039672387854916, 0.6666296447155373, 0.31888446684021465, 0.47625582162629687, 0.422864072308318, 0.2262238165687499, 1.0818267754032411, 0.6098450601420542, 0.5008048168788433, 0.781776366126093, 0.38715032265041627, 0.7489166907653814, 0.1822098594709053, 0.6766571895757587, 1.0451966400849035, 0.36595959818763724, 0.7096625575601492, 1.1788821378963559, 1.072693549103998, 0.9208594896266321, 1.0006752735393407, 0.375307983452947, 1.031887809879136, 0.31450969819911856], [0.5833886176240669, 0.4153486059631254, 0.6028708943645985, 0.2253386012095987, 0.34241293451076416, 0.4906839438797074, 0.25384368691726644, 0.5706275604032629, 0.8469031358656395, 0.4726506266480064, 0.6081729982652256, 0.42368874465356765, 0.6334942131221404, 0.6339505786137201, 0.8885618209823943, 0.37432783568801375, 0.39088370860332977, 0.5875441396082578, 0.4826398616191565, 1.062899004099599, 0.5301328928943452, 1.115663910375266, 0.4920398340866956, 0.4968938993829213, 0.46092045825196737, 0.306472933143916, 0.9110935020874538, 1.1275156845670056, 0.6202159170599099, 0.0, 1.2034286523442852, 0.7991902834620294, 0.18556937745076185, 0.134239501003793, 0.11242055883984692, 0.6071936700952184, 0.6935310333298431, 0.6209953005929089, 0.6628258943935709, 1.0964717386862066, 0.4684984164309465, 0.39399210049115996, 0.46161085834333115, 0.6554794042646827, 0.5464391610014717, 0.7361420220034646, 1.007366239710326, 0.7032823466427529, 0.8024257765308151, 0.6310228454531303, 0.4249807230249937, 0.9861755152475471, 0.14356905189926972, 1.1332477937737273, 1.0270592049813696, 0.8752251455040037, 0.9550409294167123, 0.9955239005128569, 0.9862534657565076, 0.3057062188607913], [0.6200400347202183, 0.7880800463811598, 0.9727231211102004, 1.4287672535538838, 0.897614754554619, 0.7127447084645778, 0.9495849654270188, 0.6328010919410223, 0.3565255164786457, 0.7307780256962788, 0.5952556540790596, 0.9488458511605046, 0.9536516481850026, 0.5694780737305651, 0.31486683136189086, 1.577756488032299, 1.5943123609476149, 0.6158845127360274, 1.5631801385235145, 0.14052964824468628, 0.67329575944994, 0.0877647419690194, 0.7143057404543875, 0.7065347529613639, 1.06578424861203, 0.9649992499234268, 1.1053337633169291, 1.012628407971047, 1.2490629964669138, 1.2034286523442852, 0.0, 0.6349020764696857, 1.3726827656085774, 1.337668153348078, 1.0910080935044384, 0.5962349822490668, 1.0086662725883646, 0.5824333517513763, 0.930178529626699, 1.0257020097249527, 1.6719270687752317, 1.1160542874220514, 1.2185291509345144, 1.8589080566089677, 1.749867813345757, 0.46728663034082063, 1.0804359529940153, 0.5001463057015323, 1.102836646729764, 0.572405806891155, 1.199440859713948, 1.1673451321895822, 1.346997704243555, 0.1714016413033972, 0.18702066316978938, 0.32820350684028154, 0.24838772292757294, 0.8936208445301301, 0.26637613815649597, 1.1998736809887156], [0.5338732560856707, 1.0707004759558394, 0.4368058291531398, 0.8928499615968233, 1.1416032179727935, 0.488293825056739, 0.615050482804722, 0.9317227011401014, 0.5053971923792355, 0.3554593258668478, 0.24562658205460752, 1.222879028115597, 1.4326844965841699, 0.8092838592602277, 0.6120057633909837, 1.0418391960752382, 1.0583950689905544, 0.9188565105555679, 1.0272628465664537, 0.6923074119172862, 0.7605612708883615, 0.6053246810096176, 1.291230117548725, 0.6186254231817471, 0.529