{"num_vertices": 40, "poses": [[0.5839876753044084, 0.3158718291680601], [0.9789489016550178, 0.16154405616278744], [0.19949110074615295, 0.6173664072509202], [0.8677710723838038, 0.9653948241830161], [0.8407387878061605, 0.6293218514088262], [0.48779815347690136, 0.9828238005533873], [0.7074424736971395, 0.08631574845840806], [0.6967916485026442, 0.7492049350940531], [0.7825883598293552, 0.5524685403739992], [0.19007108652872073, 0.2293793407515079], [0.21425414148179978, 0.4118546183019822], [0.6208868382029378, 0.35168669872987124], [0.9447843205436908, 0.1408215447181711], [0.1640436083522473, 0.5389663570513878], [0.19246727796261176, 0.1356786274439885], [0.2760687807598282, 0.3029501709616528], [0.06291803720489386, 0.5258967026632866], [0.8230758984344165, 0.3965749252681695], [0.7785124134559063, 0.28894166167474167], [0.25571251991747834, 0.19598294450660214], [0.2542901160344341, 0.36191525527479096], [0.2641259797780523, 0.217634413589462], [0.2652453432847284, 0.8424774101150159], [0.6547525033050668, 0.9483502419720542], [0.6966625933614243, 0.5958148639514159], [0.6856405235000623, 0.2017899034694669], [0.19949611920887078, 0.5817618894285107], [0.11467569764906016, 0.030431743328800276], [0.31826535748004126, 0.4167625938950589], [0.5423360646114059, 0.530640588896585], [0.23849239185870164, 0.3300701307971189], [0.7539865270638307, 0.6681080534519629], [0.3230204794940901, 0.9059401895403343], [0.051860489611815774, 0.543883545034328], [0.318005862025294, 0.5378752215202508], [0.8174770754845683, 0.21140602044709378], [0.28221398163975, 0.8442644824561474], [0.40025216185377366, 0.8884055323450272], [0.5835021358033038, 0.9583857890673917], [0.6947794841661223, 0.3200393561683469]], "dists": [[0.0, 0.549288999355882, 0.6859911526411155, 0.9333063920943514, 0.5702011347425182, 0.7631414932128342, 0.35301087910238316, 0.5461370791242287, 0.4351973957308858, 0.4804090771922399, 0.46571632295653076, 0.07271403246034047, 0.5358469296891714, 0.6430385948354889, 0.5717135990658683, 0.32084055275098755, 0.731094511594741, 0.3197913192301175, 0.2214549056448163, 0.44816404004838806, 0.3757409853767052, 0.41809911110495424, 0.8453479129666358, 0.7032432408046525, 0.3926179528403717, 0.2157347738942471, 0.6503816163559882, 0.7547520634946081, 0.36661308255136593, 0.25642037042152743, 0.35969358507476556, 0.5222350760433251, 0.8510355561825925, 0.7601389015588605, 0.4879852056313051, 0.3379552089011262, 0.8301663469527457, 0.7562692166276018, 0.6429994994004362, 0.11495933586200069], [0.549288999355882, 0.0, 1.2352801519969976, 0.9150285972914427, 0.6059879090948961, 1.3124304925687162, 0.34673473566225765, 0.8698181320836392, 0.5872850260368744, 0.8567130997150175, 1.0150053223124127, 0.5482047060191638, 0.05488709255594337, 1.192327594191371, 0.812347052411205, 0.8442862356940549, 1.2803835109506232, 0.39090387232598334, 0.32783409371106575, 0.7576752700813542, 0.9250299847325872, 0.7709132793036401, 1.3946369123225177, 1.1110025841592177, 0.716557116082222, 0.33355422546163493, 1.1996706157118702, 0.9953855168399448, 0.915902081907248, 0.8057093697774095, 0.9089825844306476, 0.7315263718803625, 1.4003245555384747, 1.3094279009147427, 1.0372742049871873, 0.21133379045475587, 1.3794553463086277, 1.305558215983484, 1.1922884987563183, 0.4426647174944549], [0.6859911526411155, 1.2352801519969976, 0.0, 1.0163083885697468, 0.6532031312179136, 0.6537644460332155, 1.0390020317434987, 0.6291390755996241, 0.6479951259601232, 0.3974070807168445, 0.22027482968458478, 0.6870754459778338, 1.221838082330287, 0.11384754259343799, 0.48871160259047286, 0.39099391630294267, 0.22804276812889268, 0.8443762796710143, 0.9074460582859318, 0.47760488191564343, 0.31025016726441035, 0.4643668726933575, 0.2908652454026711, 0.7862452372800479, 0.5187230359147756, 0.9017259265353627, 0.03560953628512731, 0.6717500670192127, 0.3193780700897496, 0.4295707822195881, 0.32629756756635, 0.6052370725187205, 0.41210316103735123, 0.22111347335092935, 0.19800594700981045, 1.0239463615422417, 0.30962095609882423, 0.4718001862017277, 0.7250304168736224, 0.7926154345025427], [0.9333063920943514, 0.9150285972914427, 1.0163083885697468, 0.0, 0.3631052573518332, 0.39740189527727354, 1.0394076744112724, 0.3871693129701227, 0.4981089963634656, 1.4137154692865912, 1.207057136783038, 0.8605923596340109, 0.901586527624732, 1.1301559311631848, 1.5050199911602196, 1.2541469448453388, 1.2443511566986394, 0.6135150728642339, 0.765711821436172, 1.3814704321427396, 1.216960525257595, 1.3514055031993055, 0.7254431431670757, 0.2300631512896989, 0.5406884392539797, 0.9457354695972907, 1.0519078879294383, 1.6880584555889595, 1.09813794519172, 0.760189243058829, 1.2646033739109994, 0.4110713160510263, 0.6042052275323956, 1.237421861920676, 0.9772848130212751, 0.8042828006351579, 0.7066874324709226, 0.5445082023680191, 0.29127797169612446, 0.8183470562323507], [0.5702011347425182, 0.6059879090948961, 0.6532031312179136, 0.3631052573518332, 0.0, 0.7064425834738202, 0.6763024170594392, 0.26383022298874315, 0.13500373901163243, 1.050610211934758, 0.8439518794312048, 0.49748710228217774, 0.5925458394281854, 0.7670506738113516, 1.1419147338083864, 0.8910416874935058, 0.8812458993468063, 0.2504098155124007, 0.4026065640843388, 1.0183651747909064, 0.8538552679057617, 0.9883002458474724, 0.7886490032276218, 0.5050146750643216, 0.1775831819021465, 0.5826302122454575, 0.6888026305776053, 1.3249531982371263, 0.7350326878398866, 0.39708398570699577, 0.9014981165591662, 0.12553846278546643, 0.7943366464435785, 0.874316604568843, 0.6141795556694419, 0.4411775432833247, 0.7734674372137317, 0.6995703068885878, 0.5863005896614222, 0.4552417988805175], [0.7631414932128342, 1.3124304925687162, 0.6537644460332155, 0.39740189527727354, 0.7064425834738202, 0.0, 1.1161523723152174, 0.442612360485077, 0.7251454665318419, 1.05117152675006, 0.8445131942465066, 0.7642257865495524, 1.2989884229020054, 0.7676119886266535, 1.1424760486236885, 0.8916030023088076, 0.8818072141621082, 0.9215266202427329, 0.9845963988576505, 1.018926489606208, 0.8544165827210636, 0.9888615606627743, 0.36289920063054437, 0.20142790840949854, 0.5958733764864943, 0.9788762671070813, 0.6893639453929071, 1.3255145130524282, 0.7355940026551885, 0.5067211227913068, 0.9020594313744681, 0.5809041206883537, 0.24166128499586426, 0.8748779193841448, 0.6147408704847438, 1.1010967021139604, 0.34414348993439126, 0.18196425983148778, 0.12014199381239798, 0.8697657750742613], [0.35301087910238316, 0.34673473566225765, 1.0390020317434987, 1.0394076744112724, 0.6763024170594392, 1.1161523723152174, 0.0, 0.6735400118301403, 0.5412986780478067, 0.6604349794615186, 0.8187272020589139, 0.35192658576566493, 0.2918476431063143, 0.996049473937872, 0.5643380747201082, 0.648008115440556, 1.084105390697124, 0.42589260154703845, 0.27369585297510035, 0.5613971498278553, 0.7287518644790884, 0.5746351590501412, 1.198358792069019, 0.9147244639057188, 0.5202789958287231, 0.13727610520813605, 1.0033924954583715, 0.6486507811776872, 0.7196239616537491, 0.6094312495239106, 0.7127044641771487, 0.628336358360246, 1.2040464352849756, 1.1131497806612436, 0.8409960847336883, 0.23512487377611446, 1.183177226055129, 1.1092800957299849, 0.9960103785028194, 0.24638659724095602], [0.5461370791242287, 0.8698181320836392, 0.6291390755996241, 0.3871693129701227, 0.26383022298874315, 0.442612360485077, 0.6735400118301403, 0.0, 0.28253310604676485, 1.0265461563164686, 0.8198878238129153, 0.47342304666388824, 0.8563760624169285, 0.7429866181930621, 1.117850678190097, 0.8669776318752163, 0.8571818437285168, 0.4789142597576559, 0.5419840383725735, 0.9943011191726168, 0.8297912122874722, 0.9642361902291829, 0.5248187802388786, 0.24118445207557848, 0.153519126283857, 0.558566156627168, 0.6647385749593158, 1.300889142618837, 0.7109686322215971, 0.37301993008870626, 0.8774340609408767, 0.13829176020327671, 0.5305064234548353, 0.8502525489505535, 0.5901155000511524, 0.6584843416288834, 0.5096372142249885, 0.43574008389984464, 0.32247036667267903, 0.431177743262228], [0.4351973957308858, 0.5872850260368744, 0.6479951259601232, 0.4981089963634656, 0.13500373901163243, 0.7251454665318419, 0.5412986780478067, 0.28253310604676485, 0.0, 0.9156064729231257, 0.7089481404195723, 0.3624833632705453, 0.5738429563701637, 0.6320469347997192, 1.006910994796754, 0.7560379484818733, 0.7462421603351739, 0.19638115371089104, 0.2676028250727064, 0.8833614357792738, 0.7188515288941293, 0.85329650683584, 0.8073518862856435, 0.5237175581223433, 0.12927209004534757, 0.4476264732338251, 0.6123855896749959, 1.189949459225494, 0.6000289488282542, 0.26208024669536334, 0.7664943775475338, 0.14424134584348813, 0.8130395295016002, 0.7393128655572105, 0.4791758166578095, 0.3759512355821185, 0.7921703202717534, 0.7182731899466095, 0.6050034727194439, 0.3202380598688851], [0.4804090771922399, 0.8567130997150175, 0.3974070807168445, 1.4137154692865912, 1.050610211934758, 1.05117152675006, 0.6604349794615186, 1.0265461563164686, 0.9156064729231257, 0.0, 0.20665833250355337, 0.5531231096525804, 0.8432710300483068, 0.3356144944763534, 0.09609690474141042, 0.15956852444125236, 0.42367041123560556, 0.8002003964223574, 0.6480036478504193, 0.09903782963366337, 0.1967549440289964, 0.08579982041137746, 0.6882723261195156, 1.1836523179968923, 0.8730270300326116, 0.5231588742533826, 0.36180758135715285, 0.2743429863023682, 0.3155775240948715, 0.6535262262277624, 0.1491120953755919, 1.002644153235565, 0.8095102417541957, 0.45271480119972507, 0.4364306562653162, 0.6453793092602617, 0.7070280368156687, 0.8692072669185722, 1.1224374975904667, 0.5953684130542406], [0.46571632295653076, 1.0150053223124127, 0.22027482968458478, 1.207057136783038, 0.8439518794312048, 0.8445131942465066, 0.8187272020589139, 0.8198878238129153, 0.7089481404195723, 0.20665833250355337, 0.0, 0.466800616293249, 1.0015632526457021, 0.1773222718789581, 0.29796285437718173, 0.17071908661835788, 0.2653781886382103, 0.6241014499864295, 0.687171228601347, 0.25733005223105865, 0.08997533757982557, 0.24409204300877274, 0.48161399361596224, 0.976993985493339, 0.6663686975290583, 0.6814510968507779, 0.18466529339945748, 0.48100131880592156, 0.10891919159131813, 0.446867893724209, 0.1060227378817652, 0.7959858207320116, 0.6028519092506424, 0.2944225786023298, 0.22977232376176282, 0.8036715318576569, 0.5003697043121154, 0.6625489344150188, 0.9157791650869135, 0.5723406048179579], [0.07271403246034047, 0.5482047060191638, 0.6870754459778338, 0.8605923596340109, 0.49748710228217774, 0.7642257865495524, 0.35192658576566493, 0.47342304666388824, 0.3624833632705453, 0.5531231096525804, 0.466800616293249, 0.0, 0.5347626363524531, 0.6441228881722071, 0.6444276315262087, 0.393554585211328, 0.7321788049314593, 0.24707728676977703, 0.22037061230809807, 0.5208780725087285, 0.3768252787134234, 0.4908131435652947, 0.846432206303354, 0.630529208344312, 0.31990392038003124, 0.2146504805575289, 0.6514659096927065, 0.8274660959549486, 0.36769737588808415, 0.25750466375824566, 0.4040110142769885, 0.4495210435829846, 0.8521198495193107, 0.7612231948955788, 0.4890694989680233, 0.33687091556440796, 0.8312506402894639, 0.75735350996432, 0.6440837927371544, 0.10553998852470892], [0.5358469296891714, 0.05488709255594337, 1.221838082330287, 0.901586527624732, 0.5925458394281854, 1.2989884229020054, 0.2918476431063143, 0.8563760624169285, 0.5738429563701637, 0.8432710300483068, 1.0015632526457021, 0.5347626363524531, 0.0, 1.1788855245246603, 0.7574599598552616, 0.8308441660273442, 1.2669414412839124, 0.37746180265927265, 0.31439202404435507, 0.7442332004146435, 0.9115879150658766, 0.7574712096369294, 1.3811948426558072, 1.097560514492507, 0.7031150464155113, 0.32011215579492425, 1.1862285460451596, 0.9404984242840014, 0.9024600122405373, 0.7922673001106988, 0.8955405147639369, 0.7180843022136518, 1.3868824858717639, 1.295985831248032, 1.0238321353204765, 0.19789172078804518, 1.366013276641917, 1.2921161463167732, 1.1788464290896075, 0.4292226478277442], [0.6430385948354889, 1.192327594191371, 0.11384754259343799, 1.1301559311631848, 0.7670506738113516, 0.7676119886266535, 0.996049473937872, 0.7429866181930621, 0.6320469347997192, 0.3356144944763534, 0.1773222718789581, 0.6441228881722071, 1.1788855245246603, 0.0, 0.4317113992177638, 0.348041358497316, 0.11419522553545469, 0.8014237218653876, 0.8644935004803052, 0.43465232411001675, 0.26729760945878367, 0.42141431488773085, 0.4047127879961091, 0.9000927798734859, 0.5894674919092051, 0.858773368729736, 0.07824804323374634, 0.5579025244257747, 0.27642551228412293, 0.38661822441396143, 0.2833450097607233, 0.7190846151121585, 0.5259507036307892, 0.11710030672337168, 0.15505338920418377, 0.980993803736615, 0.4234684986922622, 0.5856477287951657, 0.8388779594670603, 0.749662876696916], [0.5717135990658683, 0.812347052411205, 0.48871160259047286, 1.5050199911602196, 1.1419147338083864, 1.1424760486236885, 0.5643380747201082, 1.117850678190097, 1.006910994796754, 0.09609690474141042, 0.29796285437718173, 0.6444276315262087, 0.7574599598552616, 0.4317113992177638, 0.0, 0.2508730463148807, 0.519767315977016, 0.8915049182959858, 0.7393081697240477, 0.12354955901748021, 0.28805946590262477, 0.15361448796091404, 0.779576847993144, 1.2749568398705207, 0.96433155190624, 0.559284521562929, 0.4531121032307812, 0.18303846442873983, 0.40688204596849986, 0.7448307481013907, 0.24041661724922025, 1.0939486751091934, 0.9008147636278241, 0.5488117059411355, 0.5277351781389445, 0.7007371905250618, 0.7983325586892971, 0.9605117887922006, 1.213742019464095, 0.686672934927869], [0.32084055275098755, 0.8442862356940549, 0.39099391630294267, 1.2541469448453388, 0.8910416874935058, 0.8916030023088076, 0.648008115440556, 0.8669776318752163, 0.7560379484818733, 0.15956852444125236, 0.17071908661835788, 0.393554585211328, 0.8308441660273442, 0.348041358497316, 0.2508730463148807, 0.0, 0.43609727525656816, 0.640631871981105, 0.5164521419829892, 0.1273234872974005, 0.08074374903853232, 0.09725855835396668, 0.5503506766284629, 1.02408379355564, 0.7134585055913593, 0.51073201023242, 0.35538438001781536, 0.43391151074362055, 0.15600899965361914, 0.49395770178651, 0.06469634873659269, 0.8430756287943126, 0.6499417173129434, 0.4651416652206877, 0.27686213182406383, 0.632952445239299, 0.5474595123744164, 0.7096387424773198, 0.9628689731492145, 0.43579988861298824], [0.731094511594741, 1.2803835109506232, 0.22804276812889268, 1.2443511566986394, 0.8812458993468063, 0.8818072141621082, 1.084105390697124, 0.8571818437285168, 0.7462421603351739, 0.42367041123560556, 0.2653781886382103, 0.7321788049314593, 1.2669414412839124, 0.11419522553545469, 0.519767315977016, 0.43609727525656816, 0.0, 0.8894796386246397, 0.9525494172395573, 0.5227082408692689, 0.35535352621803584, 0.509470231646983, 0.5189080135315638, 1.0142880054089405, 0.7036627174446598, 0.9468292854889881, 0.19244326876920104, 0.5472226197786526, 0.3644814290433751, 0.48416191363981054, 0.37140092651997547, 0.8332798406476132, 0.6401459291662439, 0.02904438996411951, 0.26706634367736437, 1.069049720495867, 0.5376637242277169, 0.6998429543306204, 0.953073185002515, 0.8377187934561682], [0.3197913192301175, 0.39090387232598334, 0.8443762796710143, 0.6135150728642339, 0.2504098155124007, 0.9215266202427329, 0.42589260154703845, 0.4789142597576559, 0.19638115371089104, 0.8002003964223574, 0.6241014499864295, 0.24707728676977703, 0.37746180265927265, 0.8014237218653876, 0.8915049182959858, 0.640631871981105, 0.8894796386246397, 0.0, 0.1521967485719381, 0.7679553592785056, 0.603445452393361, 0.7378904303350717, 1.0037330399965345, 0.7200987118332344, 0.3256532437562386, 0.3322203967330568, 0.8087667433858869, 1.0745433827247255, 0.5249982095812646, 0.41480549745142614, 0.6510883010467655, 0.3406224995543792, 1.0094206832124912, 0.9185240285887593, 0.6463703326612038, 0.190767727770924, 0.9885514739826444, 0.9146543436575005, 0.8013846264303349, 0.2048319833681168], [0.2214549056448163, 0.32783409371106575, 0.9074460582859318, 0.765711821436172, 0.4026065640843388, 0.9845963988576505, 0.27369585297510035, 0.5419840383725735, 0.2676028250727064, 0.6480036478504193, 0.687171228601347, 0.22037061230809807, 0.31439202404435507, 0.8644935004803052, 0.7393081697240477, 0.5164521419829892, 0.9525494172395573, 0.1521967485719381, 0.0, 0.6157586107065675, 0.5971958910215215, 0.5856936817631336, 1.066802818611452, 0.783168490448152, 0.3887230223711562, 0.1800236481611187, 0.8718365220008045, 0.9223466341527875, 0.5880679881961822, 0.4778752760663437, 0.5811484907195819, 0.40369227816929676, 1.072490461827409, 0.9815938072036768, 0.7094401112761214, 0.11650030325630989, 1.051621252597562, 0.9777241222724181, 0.8644544050452525, 0.11483062378338915], [0.44816404004838806, 0.7576752700813542, 0.47760488191564343, 1.3814704321427396, 1.0183651747909064, 1.018926489606208, 0.5613971498278553, 0.9943011191726168, 0.8833614357792738, 0.09903782963366337, 0.25733005223105865, 0.5208780725087285, 0.7442332004146435, 0.43465232411001675, 0.12354955901748021, 0.1273234872974005, 0.5227082408692689, 0.7679553592785056, 0.6157586107065675, 0.0, 0.16735471465123308, 0.030064928943433822, 0.6560272889756638, 1.1514072808530407, 0.8407819928887598, 0.43573496254544875, 0.4419953456305161, 0.30658802344622005, 0.28333248695101965, 0.6212811890839105, 0.15130731434929345, 0.9703991160917131, 0.7772652046103439, 0.5517526308333884, 0.40418561912146433, 0.5771876315075816, 0.6747829996718169, 0.8369622297747203, 1.090192460446615, 0.5631233759103887], [0.3757409853767052, 0.9250299847325872, 0.31025016726441035, 1.216960525257595, 0.8538552679057617, 0.8544165827210636, 0.7287518644790884, 0.8297912122874722, 0.7188515288941293, 0.1967549440289964, 0.08997533757982557, 0.3768252787134234, 0.9115879150658766, 0.26729760945878367, 0.28805946590262477, 0.08074374903853232, 0.35535352621803584, 0.603445452393361, 0.5971958910215215, 0.16735471465123308, 0.0, 0.15411670542894718, 0.4915173820905192, 0.986897373967896, 0.6762720860036152, 0.5914757592709523, 0.27464063097928304, 0.4710979303313646, 0.1188225800658751, 0.45677128219876595, 0.04764284865340451, 0.8058892092065686, 0.6127552977251993, 0.38439791618215535, 0.23967571223631978, 0.7136961942778314, 0.5102730927866723, 0.6724523228895758, 0.9256825535614704, 0.48236526723813233], [0.41809911110495424, 0.7709132793036401, 0.4643668726933575, 1.3514055031993055, 0.9883002458474724, 0.9888615606627743, 0.5746351590501412, 0.9642361902291829, 0.85329650683584, 0.08579982041137746, 0.24409204300877274, 0.4908131435652947, 0.7574712096369294, 0.42141431488773085, 0.15361448796091404, 0.09725855835396668, 0.509470231646983, 0.7378904303350717, 0.5856936817631336, 0.030064928943433822, 0.15411670542894718, 0.0, 0.6259623600322299, 1.1213423519096066, 0.8107170639453259, 0.43735905384200513, 0.4287573364082302, 0.33665295238965387, 0.2532675580075858, 0.5912162601404767, 0.13806930512700755, 0.9403341871482793, 0.74720027566691, 0.5385146216111025, 0.3741206901780305, 0.5595794888488842, 0.644718070728383, 0.8068973008312865, 1.060127531503181, 0.5330584469669549], [0.8453479129666358, 1.3946369123225177, 0.2908652454026711, 0.7254431431670757, 0.7886490032276218, 0.36289920063054437, 1.198358792069019, 0.5248187802388786, 0.8073518862856435, 0.6882723261195156, 0.48161399361596224, 0.846432206303354, 1.3811948426558072, 0.4047127879961091, 0.779576847993144, 0.5503506766284629, 0.5189080135315638, 1.0037330399965345, 1.066802818611452, 0.6560272889756638, 0.4915173820905192, 0.6259623600322299, 0.0, 0.4953799918773768, 0.6780797962402959, 1.061082686860883, 0.32646474476236276, 0.9626153124218838, 0.4787348304152699, 0.5889275425451084, 0.5391602307439237, 0.6631105404421553, 0.12123791563468012, 0.5119787187536005, 0.3573627073353307, 1.183303121867762, 0.018755710696153116, 0.1809349407990566, 0.43416517147095124, 0.951972194828063], [0.7032432408046525, 1.1110025841592177, 0.7862452372800479, 0.2300631512896989, 0.5050146750643216, 0.20142790840949854, 0.9147244639057188, 0.24118445207557848, 0.5237175581223433, 1.1836523179968923, 0.976993985493339, 0.630529208344312, 1.097560514492507, 0.9000927798734859, 1.2749568398705207, 1.02408379355564, 1.0142880054089405, 0.7200987118332344, 0.783168490448152, 1.1514072808530407, 0.986897373967896, 1.1213423519096066, 0.4953799918773768, 0.0, 0.39444546807699576, 0.7774483586975828, 0.8218447366397396, 1.4579953042992606, 0.8680747939020209, 0.5301260917691301, 1.0345402226213005, 0.3794762122788552, 0.3741420762426967, 1.0073587106309771, 0.7472216617315762, 0.8996687937044618, 0.4766242811812237, 0.3144450510783202, 0.08128591459710055, 0.6683378666647628], [0.3926179528403717, 0.716557116082222, 0.5187230359147756, 0.5406884392539797, 0.1775831819021465, 0.5958733764864943, 0.5202789958287231, 0.153519126283857, 0.12927209004534757, 0.8730270300326116, 0.6663686975290583, 0.31990392038003124, 0.7031150464155113, 0.5894674919092051, 0.96433155190624, 0.7134585055913593, 0.7036627174446598, 0.3256532437562386, 0.3887230223711562, 0.8407819928887598, 0.6762720860036152, 0.8107170639453259, 0.6780797962402959, 0.39444546807699576, 0.0, 0.405047030343311, 0.5112194486754588, 1.1473700163349798, 0.5574495059377401, 0.21950080380484926, 0.7239149346570197, 0.12961712320295338, 0.6837674394562526, 0.6967334226666965, 0.43659637376729543, 0.5052233256274661, 0.6628982302264058, 0.5890010999012619, 0.4757313826740963, 0.277658616978371], [0.2157347738942471, 0.33355422546163493, 0.9017259265353627, 0.9457354695972907, 0.5826302122454575, 0.9788762671070813, 0.13727610520813605, 0.558566156627168, 0.4476264732338251, 0.5231588742533826, 0.6814510968507779, 0.2146504805575289, 0.32011215579492425, 0.858773368729736, 0.559284521562929, 0.51073201023242, 0.9468292854889881, 0.3322203967330568, 0.1800236481611187, 0.43573496254544875, 0.5914757592709523, 0.43735905384200513, 1.061082686860883, 0.7774483586975828, 0.405047030343311, 0.0, 0.8661163902502353, 0.7423229859916688, 0.582347856445613, 0.47215514431577454, 0.5754283589690127, 0.5346641535462644, 1.0667703300768396, 0.9758736754531077, 0.7037199795255522, 0.14145266896213282, 1.0459011208469928, 0.9720039905218489, 0.8587342732946833, 0.12738841336494], [0.6503816163559882, 1.1996706157118702, 0.03560953628512731, 1.0519078879294383, 0.6888026305776053, 0.6893639453929071, 1.0033924954583715, 0.6647385749593158, 0.6123855896749959, 0.36180758135715285, 0.18466529339945748, 0.6514659096927065, 1.1862285460451596, 0.07824804323374634, 0.4531121032307812, 0.35538438001781536, 0.19244326876920104, 0.8087667433858869, 0.8718365220008045, 0.4419953456305161, 0.27464063097928304, 0.4287573364082302, 0.32646474476236276, 0.8218447366397396, 0.5112194486754588, 0.8661163902502353, 0.0, 0.636150567659521, 0.2837685338046223, 0.3939612459344608, 0.29068803128122267, 0.6408365718784121, 0.4477026603970429, 0.1855139739912377, 0.16239641072468314, 0.9883368252571144, 0.3452204554585159, 0.5073996855614193, 0.760629916233314, 0.7570058982174154], [0.7547520634946081, 0.9953855168399448, 0.6717500670192127, 1.6880584555889595, 1.3249531982371263, 1.3255145130524282, 0.6486507811776872, 1.300889142618837, 1.189949459225494, 0.2743429863023682, 0.48100131880592156, 0.8274660959549486, 0.9404984242840014, 0.5579025244257747, 0.18303846442873983, 0.43391151074362055, 0.5472226197786526, 1.0745433827247255, 0.9223466341527875, 0.30658802344622005, 0.4710979303313646, 0.33665295238965387, 0.9626153124218838, 1.4579953042992606, 1.1473700163349798, 0.7423229859916688, 0.636150567659521, 0.0, 0.5899205103972397, 0.9278692125301305, 0.4234550816779601, 1.2769871395379333, 1.0838532280565638, 0.5762670097427721, 0.7107736425676844, 0.8837756549538016, 0.9813710231180369, 1.1435502532209405, 1.396780483892835, 0.8697113993566088], [0.36661308255136593, 0.915902081907248, 0.3193780700897496, 1.09813794519172, 0.7350326878398866, 0.7355940026551885, 0.7196239616537491, 0.7109686322215971, 0.6000289488282542, 0.3155775240948715, 0.10891919159131813, 0.36769737588808415, 0.9024600122405373, 0.27642551228412293, 0.40688204596849986, 0.15600899965361914, 0.3644814290433751, 0.5249982095812646, 0.5880679881961822, 0.28333248695101965, 0.1188225800658751, 0.2532675580075858, 0.4787348304152699, 0.8680747939020209, 0.5574495059377401, 0.582347856445613, 0.2837685338046223, 0.5899205103972397, 0.0, 0.33794870213289085, 0.1664654287192796, 0.6870666291406935, 0.4939327176593242, 0.3935258190074946, 0.12137212307993916, 0.7045682914524921, 0.4635532644013798, 0.5536297428237007, 0.8068599734955954, 0.47323736441279307], [0.25642037042152743, 0.8057093697774095, 0.4295707822195881, 0.760189243058829, 0.39708398570699577, 0.5067211227913068, 0.6094312495239106, 0.37301993008870626, 0.26208024669536334, 0.6535262262277624, 0.446867893724209, 0.25750466375824566, 0.7922673001106988, 0.38661822441396143, 0.7448307481013907, 0.49395770178651, 0.48416191363981054, 0.41480549745142614, 0.4778752760663437, 0.6212811890839105, 0.45677128219876595, 0.5912162601404767, 0.5889275425451084, 0.5301260917691301, 0.21950080380484926, 0.47215514431577454, 0.3939612459344608, 0.9278692125301305, 0.33794870213289085, 0.0, 0.5044141308521705, 0.34911792700780264, 0.5946151857610651, 0.5037185311373331, 0.23156483520977766, 0.5943755793226536, 0.5737459765312183, 0.4998488462060744, 0.4689112713627045, 0.36304465228295457], [0.35969358507476556, 0.9089825844306476, 0.32629756756635, 1.2646033739109994, 0.9014981165591662, 0.9020594313744681, 0.7127044641771487, 0.8774340609408767, 0.7664943775475338, 0.1491120953755919, 0.1060227378817652, 0.4040110142769885, 0.8955405147639369, 0.2833450097607233, 0.24041661724922025, 0.06469634873659269, 0.37140092651997547, 0.6510883010467655, 0.5811484907195819, 0.15130731434929345, 0.04764284865340451, 0.13806930512700755, 0.5391602307439237, 1.0345402226213005, 0.7239149346570197, 0.5754283589690127, 0.29068803128122267, 0.4234550816779601, 0.1664654287192796, 0.5044141308521705, 0.0, 0.8535320578599731, 0.6603981463786038, 0.400445316484095, 0.2873185608897243, 0.6976487939758917, 0.5579159414400768, 0.7200951715429803, 0.973325402214875, 0.4663178669361927], [0.5222350760433251, 0.7315263718803625, 0.6052370725187205, 0.4110713160510263, 0.12553846278546643, 0.5809041206883537, 0.628336358360246, 0.13829176020327671, 0.14424134584348813, 1.002644153235565, 0.7959858207320116, 0.4495210435829846, 0.7180843022136518, 0.7190846151121585, 1.0939486751091934, 0.8430756287943126, 0.8332798406476132, 0.3406224995543792, 0.40369227816929676, 0.9703991160917131, 0.8058892092065686, 0.9403341871482793, 0.6631105404421553, 0.3794762122788552, 0.12961712320295338, 0.5346641535462644, 0.6408365718784121, 1.2769871395379333, 0.6870666291406935, 0.34911792700780264, 0.8535320578599731, 0.0, 0.668798183658112, 0.8263505458696498, 0.5662134969702488, 0.5201925814256066, 0.6479289744282652, 0.5740318441031214, 0.46076212687595575, 0.4072757401813244], [0.8510355561825925, 1.4003245555384747, 0.41210316103735123, 0.6042052275323956, 0.7943366464435785, 0.24166128499586426, 1.2040464352849756, 0.5305064234548353, 0.8130395295016002, 0.8095102417541957, 0.6028519092506424, 0.8521198495193107, 1.3868824858717639, 0.5259507036307892, 0.9008147636278241, 0.6499417173129434, 0.6401459291662439, 1.0094206832124912, 1.072490461827409, 0.7772652046103439, 0.6127552977251993, 0.74720027566691, 0.12123791563468012, 0.3741420762426967, 0.6837674394562526, 1.0667703300768396, 0.4477026603970429, 1.0838532280565638, 0.4939327176593242, 0.5946151857610651, 0.6603981463786038, 0.668798183658112, 0.0, 0.6332166343882806, 0.37307958548887954, 1.1889907650837186, 0.102482204938527, 0.0947663395549907, 0.3129272558362711, 0.9576598380440197], [0.7601389015588605, 1.3094279009147427, 0.22111347335092935, 1.237421861920676, 0.874316604568843, 0.8748779193841448, 1.1131497806612436, 0.8502525489505535, 0.7393128655572105, 0.45271480119972507, 0.2944225786023298, 0.7612231948955788, 1.295985831248032, 0.11710030672337168, 0.5488117059411355, 0.4651416652206877, 0.02904438996411951, 0.9185240285887593, 0.9815938072036768, 0.5517526308333884, 0.38439791618215535, 0.5385146216111025, 0.5119787187536005, 1.0073587106309771, 0.6967334226666965, 0.9758736754531077, 0.1855139739912377, 0.5762670097427721, 0.3935258190074946, 0.5037185311373331, 0.400445316484095, 0.8263505458696498, 0.6332166343882806, 0.0, 0.27215369592755545, 1.0980941104599866, 0.5307344294497536, 0.692913659552657, 0.9461438902245517, 0.8667631834202877], [0.4879852056313051, 1.0372742049871873, 0.19800594700981045, 0.9772848130212751, 0.6141795556694419, 0.6147408704847438, 0.8409960847336883, 0.5901155000511524, 0.4791758166578095, 0.4364306562653162, 0.22977232376176282, 0.4890694989680233, 1.0238321353204765, 0.15505338920418377, 0.5277351781389445, 0.27686213182406383, 0.26706634367736437, 0.6463703326612038, 0.7094401112761214, 0.40418561912146433, 0.23967571223631978, 0.3741206901780305, 0.3573627073353307, 0.7472216617315762, 0.43659637376729543, 0.7037199795255522, 0.16239641072468314, 0.7107736425676844, 0.12137212307993916, 0.23156483520977766, 0.2873185608897243, 0.5662134969702488, 0.37307958548887954, 0.27215369592755545, 0.0, 0.8259404145324313, 0.3421811413214406, 0.432776610653256, 0.6860068413251507, 0.5946094874927322], [0.3379552089011262, 0.21133379045475587, 1.0239463615422417, 0.8042828006351579, 0.4411775432833247, 1.1010967021139604, 0.23512487377611446, 0.6584843416288834, 0.3759512355821185, 0.6453793092602617, 0.8036715318576569, 0.33687091556440796, 0.19789172078804518, 0.980993803736615, 0.7007371905250618, 0.632952445239299, 1.069049720495867, 0.190767727770924, 0.11650030325630989, 0.5771876315075816, 0.7136961942778314, 0.5595794888488842, 1.183303121867762, 0.8996687937044618, 0.5052233256274661, 0.14145266896213282, 0.9883368252571144, 0.8837756549538016, 0.7045682914524921, 0.5943755793226536, 0.6976487939758917, 0.5201925814256066, 1.1889907650837186, 1.0980941104599866, 0.8259404145324313, 0.0, 1.168121555853872, 1.094224425528728, 0.9809547083015624, 0.23133092703969904], [0.8301663469527457, 1.3794553463086277, 0.30962095609882423, 0.7066874324709226, 0.7734674372137317, 0.34414348993439126, 1.183177226055129, 0.5096372142249885, 0.7921703202717534, 0.7070280368156687, 0.5003697043121154, 0.8312506402894639, 1.366013276641917, 0.4234684986922622, 0.7983325586892971, 0.5474595123744164, 0.5376637242277169, 0.9885514739826444, 1.051621252597562, 0.6747829996718169, 0.5102730927866723, 0.644718070728383, 0.018755710696153116, 0.4766242811812237, 0.6628982302264058, 1.0459011208469928, 0.3452204554585159, 0.9813710231180369, 0.4635532644013798, 0.5737459765312183, 0.5579159414400768, 0.6479289744282652, 0.102482204938527, 0.5307344294497536, 0.3421811413214406, 1.168121555853872, 0.0, 0.16217923010290347, 0.4154094607747981, 0.9367906288141729], [0.7562692166276018, 1.305558215983484, 0.4718001862017277, 0.5445082023680191, 0.6995703068885878, 0.18196425983148778, 1.1092800957299849, 0.43574008389984464, 0.7182731899466095, 0.8692072669185722, 0.6625489344150188, 0.75735350996432, 1.2921161463167732, 0.5856477287951657, 0.9605117887922006, 0.7096387424773198, 0.6998429543306204, 0.9146543436575005, 0.9777241222724181, 0.8369622297747203, 0.6724523228895758, 0.8068973008312865, 0.1809349407990566, 0.3144450510783202, 0.5890010999012619, 0.9720039905218489, 0.5073996855614193, 1.1435502532209405, 0.5536297428237007, 0.4998488462060744, 0.7200951715429803, 0.5740318441031214, 0.0947663395549907, 0.692913659552657, 0.432776610653256, 1.094224425528728, 0.16217923010290347, 0.0, 0.25323023067189465, 0.862893498489029], [0.6429994994004362, 1.1922884987563183, 0.7250304168736224, 0.29127797169612446, 0.5863005896614222, 0.12014199381239798, 0.9960103785028194, 0.32247036667267903, 0.6050034727194439, 1.1224374975904667, 0.9157791650869135, 0.6440837927371544, 1.1788464290896075, 0.8388779594670603, 1.213742019464095, 0.9628689731492145, 0.953073185002515, 0.8013846264303349, 0.8644544050452525, 1.090192460446615, 0.9256825535614704, 1.060127531503181, 0.43416517147095124, 0.08128591459710055, 0.4757313826740963, 0.8587342732946833, 0.760629916233314, 1.396780483892835, 0.8068599734955954, 0.4689112713627045, 0.973325402214875, 0.46076212687595575, 0.3129272558362711, 0.9461438902245517, 0.6860068413251507, 0.9809547083015624, 0.4154094607747981, 0.25323023067189465, 0.0, 0.7496237812618634], [0.11495933586200069, 0.4426647174944549, 0.7926154345025427, 0.8183470562323507, 0.4552417988805175, 0.8697657750742613, 0.24638659724095602, 0.431177743262228, 0.3202380598688851, 0.5953684130542406, 0.5723406048179579, 0.10553998852470892, 0.4292226478277442, 0.749662876696916, 0.686672934927869, 0.43579988861298824, 0.8377187934561682, 0.2048319833681168, 0.11483062378338915, 0.5631233759103887, 0.48236526723813233, 0.5330584469669549, 0.951972194828063, 0.6683378666647628, 0.277658616978371, 0.12738841336494, 0.7570058982174154, 0.8697113993566088, 0.47323736441279307, 0.36304465228295457, 0.4663178669361927, 0.4072757401813244, 0.9576598380440197, 0.8667631834202877, 0.5946094874927322, 0.23133092703969904, 0.9367906288141729, 0.862893498489029, 0.7496237812618634, 0.0]]}